0, 0.04, 0.104311
0.025, 0.118049, 0.115432
0.05, 0.19229, 0.161579
0.075, 0.335593, 0.257325
0.1, 0.548247, 0.282764
0.125, 0.806381, 0.348469
0.15, 1.10509, 0.366238
0.175, 1.35314, 0.404715
0.2, 1.54347, 0.419288
0.225, 1.70086, 0.456743
0.25, 1.83155, 0.471443
0.275, 1.94831, 0.515545
0.3, 2.05522, 0.536254
0.325, 2.24204, 0.607456
0.35, 2.51535, 0.616532
0.375, 2.82729, 0.665364
0.4, 3.16083, 0.679681
0.425, 3.46128, 0.723911
0.45, 3.72805, 0.748327
0.475, 3.93644, 0.790639
0.5, 4.09222, 0.811092
0.525, 4.23114, 0.848164
0.55, 4.35523, 0.863503
0.575, 4.49156, 0.89968
0.6, 4.64197, 0.909395
0.625, 4.80748, 0.943782
0.65, 4.99151, 0.962701
0.675, 5.1707, 1.01818
0.7, 5.34311, 1.03851
0.725, 5.50491, 1.10101
0.75, 5.65345, 1.12556
0.775, 5.80816, 1.18756
0.8, 5.97093, 1.20111
0.825, 6.13869, 1.23639
0.85, 6.31168, 1.24099
0.875, 6.49233, 1.25416
0.9, 6.67953, 1.25735
0.925, 6.86565, 1.27614
0.95, 7.04148, 1.2796
0.975, 7.20116, 1.31654
1, 7.35769, 1.32766
1.025, 7.51487, 1.38416
1.05, 7.67537, 1.39618
1.075, 7.84389, 1.43683
1.1, 8.01589, 1.44386
1.125, 8.20268, 1.45805
1.15, 8.39962, 1.45805
1.175, 8.5933, 1.45818
1.2, 8.78826, 1.45818
1.225, 8.97542, 1.45805
1.25, 9.15345, 1.45805
1.275, 9.32718, 1.45805
1.3, 9.49732, 1.45818
1.325, 9.65038, 1.4583
1.35, 9.7845, 1.45869
1.375, 9.89526, 1.48195
1.4, 9.98086, 1.49269
1.425, 10.0664, 1.50637
1.45, 10.1561, 1.50675
1.475, 10.287, 1.50675
1.5, 10.4638, 1.50662
1.525, 10.6648, 1.49601
1.55, 10.8836, 1.48988
1.575, 11.0893, 1.45153
1.6, 11.2752, 1.43875
1.625, 11.3888, 1.42136
1.65, 11.4423, 1.41944
1.675, 11.4834, 1.41932
1.7, 11.5103, 1.41932
1.725, 11.571, 1.41855
1.75, 11.67, 1.41088
1.775, 11.8058, 1.36524
1.8, 11.9731, 1.35131
1.825, 12.1452, 1.27154
1.85, 12.3039, 1.24904
1.875, 12.3662, 1.19139
1.9, 12.3469, 1.17835
1.925, 12.3019, 1.1625
1.95, 12.2386, 1.16173
1.975, 12.165, 1.16071
2, 12.0814, 1.16058
2.025, 12.0118, 1.16046
2.05, 11.9566, 1.1602
2.075, 11.9077, 1.13847
2.1, 11.8656, 1.12735
2.125, 11.8222, 1.0789
2.15, 11.777, 1.06343
2.175, 11.7174, 1.01971
2.2, 11.6438, 1.00578
2.225, 11.5602, 0.988651
2.25, 11.4668, 0.985838
2.275, 11.3811, 0.98571
2.3, 11.3064, 0.985838
2.325, 11.2312, 0.986094
2.35, 11.1509, 0.985966
2.375, 11.0799, 0.982898
2.4, 11.0184, 0.974589
2.425, 10.9612, 0.931638
2.45, 10.9041, 0.91911
2.475, 10.8424, 0.880505
2.5, 10.7764, 0.869
2.525, 10.6908, 0.851871
2.55, 10.5905, 0.849953
2.575, 10.4829, 0.848931
2.6, 10.3667, 0.849186
2.625, 10.2732, 0.850976
2.65, 10.2057, 0.850976
2.675, 10.1559, 0.852254
2.7, 10.1202, 0.852254
2.725, 10.0922, 0.850337
2.75, 10.066, 0.844456
2.775, 10.015, 0.814927
2.8, 9.94301, 0.806235
2.825, 9.84969, 0.79767
2.85, 9.73775, 0.797287
2.875, 9.65689, 0.797926
2.9, 9.61216, 0.799076
2.925, 9.59815, 0.813138
2.95, 9.60995, 0.815183
2.975, 9.63776, 0.817867
3, 9.67592, 0.818379
3.025, 9.65733, 0.818507
3.05, 9.58356, 0.818507
3.075, 9.49119, 0.818251
3.1, 9.3826, 0.818251
3.125, 9.29174, 0.818251
3.15, 9.22629, 0.818507
3.175, 9.21208, 0.823364
3.2, 9.24247, 0.825665
3.225, 9.27747, 0.853149
3.25, 9.31832, 0.863376
3.275, 9.34792, 0.88255
3.3, 9.35802, 0.884596
3.325, 9.32714, 0.887919
3.35, 9.26728, 0.898785
3.375, 9.21619, 0.910929
3.4, 9.16955, 0.912079
3.425, 9.12225, 0.917576
3.45, 9.07653, 0.921028
3.475, 9.03329, 0.962701
3.5, 8.99801, 0.979319
3.525, 8.96737, 1.03301
3.55, 8.93384, 1.04208
3.575, 8.89902, 1.10779
3.6, 8.86638, 1.12607
3.625, 8.86705, 1.16135
3.65, 8.89427, 1.16877
3.675, 8.93577, 1.17081
3.7, 8.98597, 1.17107
3.725, 9.03617, 1.17247
3.75, 9.09367, 1.1735
3.775, 9.12935, 1.20098
3.8, 9.13962, 1.20929
3.825, 9.14769, 1.26592
3.85, 9.16219, 1.2819
3.875, 9.19794, 1.33904
3.9, 9.25048, 1.35105
3.925, 9.32216, 1.38697
3.95, 9.40547, 1.39401
3.975, 9.49594, 1.39963
4, 9.5954, 1.4004
4.025, 9.69782, 1.40065
4.05, 9.80622, 1.40065
4.075, 9.91982, 1.40065
4.1, 10.0371, 1.40065
4.125, 10.1529, 1.40167
4.15, 10.2664, 1.40602
4.175, 10.3517, 1.4491
4.2, 10.4163, 1.4583
4.225, 10.4947, 1.48183
4.25, 10.5804, 1.48617
4.275, 10.6664, 1.48975
4.3, 10.76, 1.48988
4.325, 10.8786, 1.48988
4.35, 11.0142, 1.4895
4.375, 11.1489, 1.48579
4.4, 11.2829, 1.48195
4.425, 11.3854, 1.47211
4.45, 11.4566, 1.47109
4.475, 11.5114, 1.47122
4.5, 11.5518, 1.47122
4.525, 11.5791, 1.47173
4.55, 11.6081, 1.47185
4.575, 11.7268, 1.47173
4.6, 11.9206, 1.47147
4.625, 12.1474, 1.42839
4.65, 12.4085, 1.40666
4.675, 12.6117, 1.31168
4.7, 12.7412, 1.29251
4.725, 12.7813, 1.25569
4.75, 12.7471, 1.24968
4.775, 12.6853, 1.24764
4.8, 12.6009, 1.24789
4.825, 12.5535, 1.24815
4.85, 12.5426, 1.24815
4.875, 12.5618, 1.24214
4.9, 12.6075, 1.23012
4.925, 12.6491, 1.17477
4.95, 12.6728, 1.15317
4.975, 12.6498, 1.09999
5, 12.5859, 1.08235
5.025, 12.4897, 1.04579
5.05, 12.3693, 1.03633
5.075, 12.2478, 1.03416
5.1, 12.1304, 1.03403
5.125, 12.0145, 1.0339
5.15, 11.8948, 1.0339
5.175, 11.7819, 1.03416
5.2, 11.6781, 1.03403
5.225, 11.5804, 1.02585
5.25, 11.4892, 1.00923
5.275, 11.407, 0.973694
5.3, 11.3364, 0.95273
5.325, 11.2522, 0.918215
5.35, 11.1484, 0.90735
5.375, 11.0268, 0.900447
5.4, 10.8948, 0.899935
5.425, 10.7733, 0.89968
5.45, 10.6546, 0.899935
5.475, 10.5359, 0.900319
5.5, 10.4217, 0.900447
5.525, 10.315, 0.900447
5.55, 10.2135, 0.900319
5.575, 10.1197, 0.880249
5.6, 10.0319, 0.870023
5.625, 9.93646, 0.839727
5.65, 9.83248, 0.834358
5.675, 9.72334, 0.82541
5.7, 9.61439, 0.82477
5.725, 9.54467, 0.825282
5.75, 9.51151, 0.82541
5.775, 9.49802, 0.827583
5.8, 9.50324, 0.82771
5.825, 9.50089, 0.827455
5.85, 9.48255, 0.827199
5.875, 9.43023, 0.804189
5.9, 9.35022, 0.79588
5.925, 9.25924, 0.778623
5.95, 9.16025, 0.773893
5.975, 9.09755, 0.773893
6, 9.0767, 0.774021
6.025, 9.10222, 0.77466
6.05, 9.16553, 0.775044
6.075, 9.23672, 0.776833
6.1, 9.30176, 0.777089
6.125, 9.29607, 0.7776
6.15, 9.23211, 0.777728
6.175, 9.14859, 0.778367
6.2, 9.04891, 0.778367
6.225, 8.95481, 0.778751
6.25, 8.86848, 0.778751
6.275, 8.79563, 0.780029
6.3, 8.73511, 0.781308
6.325, 8.67291, 0.804062
6.35, 8.60984, 0.815311
6.375, 8.54278, 0.862225
6.4, 8.47264, 0.880505
6.425, 8.41666, 0.921283
6.45, 8.36902, 0.935984
6.475, 8.34297, 0.965385
6.5, 8.34477, 0.971138
6.525, 8.37039, 0.972288
6.55, 8.4094, 0.972416
6.575, 8.45065, 0.973439
6.6, 8.50208, 0.977785
6.625, 8.53734, 0.999516
6.65, 8.55528, 1.01409
6.675, 8.56965, 1.05321
6.7, 8.58211, 1.07609
6.725, 8.59737, 1.12479
6.75, 8.60701, 1.13949
6.775, 8.61935, 1.17158
6.8, 8.64085, 1.17733
6.825, 8.67739, 1.1795
6.85, 8.72655, 1.17976
6.875, 8.79159, 1.18244
6.9, 8.87542, 1.18858
6.925, 8.97003, 1.21121
6.95, 9.07466, 1.21581
6.975, 9.17541, 1.24316
7, 9.26368, 1.2525
7.025, 9.32716, 1.30158
7.05, 9.37901, 1.31424
7.075, 9.44003, 1.33878
7.1, 9.50223, 1.3476
7.125, 9.61382, 1.35054
7.15, 9.77413, 1.35093
7.175, 9.96466, 1.35067
7.2, 10.1886, 1.35054
7.225, 10.423, 1.34095
7.25, 10.6646, 1.33853
7.275, 10.8261, 1.33162
7.3, 10.9082, 1.3315
7.325, 10.9615, 1.33226
7.35, 10.9873, 1.33405
7.375, 11.0262, 1.34236
7.4, 11.0868, 1.3439
7.425, 11.1907, 1.3439
7.45, 11.3262, 1.34364
7.475, 11.4672, 1.33226
7.5, 11.6168, 1.32331
7.525, 11.7231, 1.28548
7.55, 11.7824, 1.28087
7.575, 11.8047, 1.27256
7.6, 11.7911, 1.27244
7.625, 11.7679, 1.27359
7.65, 11.7416, 1.27435
7.675, 11.7311, 1.28202
7.7, 11.733, 1.28228
7.725, 11.7433, 1.28228
7.75, 11.7622, 1.28228
7.775, 11.7662, 1.27372
7.8, 11.7559, 1.26566
7.825, 11.7339, 1.24048
7.85, 11.7003, 1.23345
7.875, 11.6593, 1.22885
7.9, 11.6145, 1.2277
7.925, 11.5643, 1.22757
7.95, 11.506, 1.22795
7.975, 11.4525, 1.22923
8, 11.4041, 1.22974
8.025, 11.3593, 1.22961
8.05, 11.3176, 1.22949
8.075, 11.2816, 1.219
8.1, 11.2503, 1.20775
8.125, 11.223, 1.17158
8.15, 11.2002, 1.15509
8.175, 11.1699, 1.13195
8.2, 11.137, 1.12748
8.225, 11.0984, 1.11405
8.25, 11.0501, 1.11393
8.275, 11.0079, 1.11405
8.3, 10.9749, 1.11418
8.325, 10.9595, 1.11303
8.35, 10.9586, 1.10766
8.375, 10.9728, 1.06586
8.4, 11.0009, 1.04899
8.425, 11.0045, 0.992613
8.45, 10.9804, 0.977785
8.475, 10.9297, 0.937901
8.5, 10.8577, 0.931382
8.525, 10.7842, 0.918599
8.55, 10.7154, 0.916042
8.575, 10.6842, 0.915914
8.6, 10.6857, 0.914508
8.625, 10.7047, 0.898657
8.65, 10.7369, 0.888047
8.675, 10.7346, 0.845735
8.7, 10.6893, 0.828733
8.725, 10.6071, 0.789489
8.75, 10.4982, 0.774788
8.775, 10.3715, 0.739634
8.8, 10.2373, 0.737333
8.825, 10.1574, 0.727874
8.85, 10.1248, 0.725701
8.875, 10.1122, 0.722377
8.9, 10.1177, 0.721866
8.925, 10.0936, 0.712662
8.95, 10.0349, 0.711
8.975, 9.94591, 0.70333
9, 9.82879, 0.701413
9.025, 9.70153, 0.681343
9.05, 9.5695, 0.677764
9.075, 9.45319, 0.66089
9.1, 9.34791, 0.657055
9.125, 9.24338, 0.657055
9.15, 9.14248, 0.657055
9.175, 9.03651, 0.662552
9.2, 8.92253, 0.671756
9.225, 8.81241, 0.709466
9.25, 8.71205, 0.716497
9.275, 8.61878, 0.739251
9.3, 8.52542, 0.742958
9.325, 8.45686, 0.746793
9.35, 8.41555, 0.747049
9.375, 8.38577, 0.747049
9.4, 8.3672, 0.747049
9.425, 8.35148, 0.747176
9.45, 8.3375, 0.747688
9.475, 8.31641, 0.775683
9.5, 8.28829, 0.787571
9.525, 8.26618, 0.830523
9.55, 8.25051, 0.845863
9.575, 8.23805, 0.886257
9.6, 8.22595, 0.891115
9.625, 8.21249, 0.903131
9.65, 8.19407, 0.907222
9.675, 8.18412, 0.911312
9.7, 8.1944, 0.914636
9.725, 8.23151, 0.9209
9.75, 8.28826, 0.930743
9.775, 8.34859, 0.956948
9.8, 8.41232, 0.972416
9.825, 8.45245, 1.01652
9.85, 8.4655, 1.02611
9.875, 8.46279, 1.06765
9.9, 8.45071, 1.08657
9.925, 8.44628, 1.11763
9.95, 8.45207, 1.12569
9.975, 8.5349, 1.14115
10, 8.691, 1.14115
10.025, 8.86998, 1.14103
10.05, 9.069, 1.1409
10.075, 9.24734, 1.1409
10.1, 9.39528, 1.1409
10.125, 9.4877, 1.14154
10.15, 9.53342, 1.15189
10.175, 9.55399, 1.19561
10.2, 9.55867, 1.21261
10.225, 9.61337, 1.23716
10.25, 9.7076, 1.23895
10.275, 9.8182, 1.23933
10.3, 9.95146, 1.2392
10.325, 10.0794, 1.23869
10.35, 10.1904, 1.23869
10.375, 10.2612, 1.23831
10.4, 10.2996, 1.23843
10.425, 10.3248, 1.23984
10.45, 10.337, 1.24789
10.475, 10.3454, 1.29404
10.5, 10.3576, 1.30222
10.525, 10.3931, 1.32229
10.55, 10.4473, 1.32689
10.575, 10.5065, 1.32715
10.6, 10.5647, 1.32715
10.625, 10.6196, 1.32689
10.65, 10.6747, 1.32677
10.675, 10.725, 1.32651
10.7, 10.7704, 1.32651
10.725, 10.8098, 1.32664
10.75, 10.8423, 1.32677
10.775, 10.8656, 1.32715
10.8, 10.8807, 1.3283
10.825, 10.8882, 1.34862
10.85, 10.8866, 1.35246
10.875, 10.8938, 1.35399
10.9, 10.9127, 1.35399
10.925, 10.9438, 1.35374
10.95, 10.985, 1.35348
10.975, 11.0224, 1.34428
11, 11.0557, 1.34108
11.025, 11.08, 1.33303
11.05, 11.0956, 1.33226
11.075, 11.1053, 1.33213
11.1, 11.1114, 1.33213
11.125, 11.1389, 1.33213
11.15, 11.1887, 1.33213
11.175, 11.2566, 1.3205
11.2, 11.3414, 1.30849
11.225, 11.4238, 1.25492
11.25, 11.4899, 1.23575
11.275, 11.5043, 1.17669
11.3, 11.4824, 1.16455
11.325, 11.4355, 1.14039
11.35, 11.3608, 1.13732
11.375, 11.3061, 1.13706
11.4, 11.2824, 1.13732
11.425, 11.3045, 1.1354
11.45, 11.3616, 1.13182
11.475, 11.4369, 1.10114
11.5, 11.5273, 1.08376
11.525, 11.5633, 1.0215
11.55, 11.547, 1.00399
11.575, 11.4928, 0.944165
11.6, 11.3999, 0.931766
11.625, 11.2997, 0.901853
11.65, 11.2024, 0.897123
11.675, 11.1276, 0.885874
11.7, 11.0685, 0.884851
11.725, 11.0181, 0.8814
11.75, 10.975, 0.880377
11.775, 10.9077, 0.863376
11.8, 10.8178, 0.858901
11.825, 10.7033, 0.831034
11.85, 10.5646, 0.821575
11.875, 10.4304, 0.794858
11.9, 10.3038, 0.78885
11.925, 10.1919, 0.763283
11.95, 10.0901, 0.757659
11.975, 9.98111, 0.754079
12, 9.86886, 0.754079
12.025, 9.75453, 0.754719
12.05, 9.63553, 0.756125
12.075, 9.51184, 0.767885
12.1, 9.38322, 0.770953
12.125, 9.26282, 0.773254
12.15, 9.15341, 0.773893
12.175, 9.05617, 0.773765
12.2, 8.9688, 0.77351
12.225, 8.88886, 0.770825
12.25, 8.81696, 0.769419
12.275, 8.76443, 0.769164
12.3, 8.73153, 0.769291
12.325, 8.70999, 0.77057
12.35, 8.69755, 0.772743
12.375, 8.68572, 0.795497
12.4, 8.67471, 0.798054
12.425, 8.64594, 0.802528
12.45, 8.59858, 0.804829
12.475, 8.55182, 0.805468
12.5, 8.50514, 0.805723
12.525, 8.47367, 0.805723
12.55, 8.46423, 0.805723
12.575, 8.48768, 0.805851
12.6, 8.53755, 0.805979
12.625, 8.59011, 0.823364
12.65, 8.64181, 0.830267
12.675, 8.64953, 0.859924
12.7, 8.61638, 0.869895
12.725, 8.5607, 0.904154
12.75, 8.48945, 0.918471
12.775, 8.45289, 0.937646
12.8, 8.44787, 0.93918
12.825, 8.48334, 0.94033
12.85, 8.55684, 0.94033
12.875, 8.6665, 0.940458
12.9, 8.80716, 0.940458
12.925, 8.89462, 0.941353
12.95, 8.92902, 0.953625
12.975, 8.9259, 1.00514
13, 8.89415, 1.02623
13.025, 8.872, 1.07059
13.05, 8.86263, 1.08261
13.075, 8.91153, 1.10536
13.1, 9.0095, 1.10753
13.125, 9.13172, 1.10766
13.15, 9.277, 1.10753
13.175, 9.39495, 1.10702
13.2, 9.48179, 1.10715
13.225, 9.53902, 1.10741
13.25, 9.57053, 1.11047
13.275, 9.57196, 1.15368
13.3, 9.55187, 1.17094
13.325, 9.54885, 1.22386
13.35, 9.55574, 1.23575
13.375, 9.58814, 1.25965
13.4, 9.64311, 1.26311
13.425, 9.69661, 1.26464
13.45, 9.7519, 1.26464
13.475, 9.80839, 1.26477
13.5, 9.86506, 1.2649
13.525, 9.91554, 1.27308
13.55, 9.96113, 1.28407
13.575, 10.015, 1.31858
13.6, 10.0755, 1.33047
13.625, 10.1486, 1.3669
13.65, 10.235, 1.36921
13.675, 10.325, 1.38212
13.7, 10.4118, 1.38301
13.725, 10.4893, 1.38301
13.75, 10.5654, 1.38301
13.775, 10.6381, 1.38263
13.8, 10.7053, 1.3825
13.825, 10.7616, 1.38173
13.85, 10.8079, 1.38173
13.875, 10.8477, 1.38173
13.9, 10.8817, 1.38186
13.925, 10.9124, 1.38224
13.95, 10.9467, 1.38442
13.975, 11.0244, 1.38582
14, 11.1408, 1.38582
14.025, 11.2666, 1.38557
14.05, 11.3999, 1.38455
14.075, 11.517, 1.35093
14.1, 11.6115, 1.33098
14.125, 11.6544, 1.29251
14.15, 11.6547, 1.28701
14.175, 11.6442, 1.28062
14.2, 11.6237, 1.28023
14.225, 11.6487, 1.28023
14.25, 11.7197, 1.28023
14.275, 11.8185, 1.27423
14.3, 11.9413, 1.26694
14.325, 12.0471, 1.21632
14.35, 12.1199, 1.19727
14.375, 12.1284, 1.12863
14.4, 12.0941, 1.11674
14.425, 12.0346, 1.07149
14.45, 11.9454, 1.06139
14.475, 11.8744, 1.04694
14.5, 11.8293, 1.03889
14.525, 11.7932, 1.03173
14.55, 11.7643, 1.03109
14.575, 11.7473, 1.02265
14.6, 11.7311, 1.0169
14.625, 11.6903, 0.987756
14.65, 11.6229, 0.977913
14.675, 11.5489, 0.932277
14.7, 11.4758, 0.921539
14.725, 11.3909, 0.873219
14.75, 11.2962, 0.856728
14.775, 11.1849, 0.834613
14.8, 11.0576, 0.831801
14.825, 10.9255, 0.831801
14.85, 10.7867, 0.832185
14.875, 10.6454, 0.833591
14.9, 10.5037, 0.834358
14.925, 10.3679, 0.834997
14.95, 10.2373, 0.835125
14.975, 10.1103, 0.834358
15, 9.98714, 0.83244
15.025, 9.87703, 0.806618
15.05, 9.77986, 0.799204
15.075, 9.67572, 0.780924
15.1, 9.56374, 0.77824
15.125, 9.48038, 0.778112
15.15, 9.42939, 0.77824
15.175, 9.38649, 0.778879
15.2, 9.34642, 0.779262
15.225, 9.30586, 0.780413
15.25, 9.2624, 0.780541
15.275, 9.19643, 0.780157
15.3, 9.11149, 0.779646
15.325, 9.02654, 0.767885
15.35, 8.94183, 0.756892
15.375, 8.88662, 0.746409
15.4, 8.86312, 0.740274
15.425, 8.85907, 0.738995
15.45, 8.87033, 0.738995
15.475, 8.88227, 0.740657
15.5, 8.88386, 0.741296
15.525, 8.82831, 0.758426
15.55, 8.72742, 0.764817
15.575, 8.63096, 0.775427
15.6, 8.54213, 0.778751
15.625, 8.49007, 0.781308
15.65, 8.4791, 0.781308
15.675, 8.51987, 0.781308
15.7, 8.60524, 0.781308
15.725, 8.70133, 0.781052
15.75, 8.80517, 0.781052
15.775, 8.84126, 0.780924
15.8, 8.809, 0.781563
15.825, 8.75051, 0.797414
15.85, 8.66732, 0.812498
15.875, 8.5872, 0.855578
15.9, 8.51588, 0.862225
15.925, 8.46413, 0.880888
15.95, 8.42661, 0.881911
15.975, 8.39433, 0.886385
16, 8.37242, 0.886897
16.025, 8.36205, 0.909651
16.05, 8.35854, 0.916042
16.075, 8.343, 0.968709
16.1, 8.31651, 0.986861
16.125, 8.31278, 1.04707
16.15, 8.33069, 1.06011
16.175, 8.37334, 1.09859
16.2, 8.43781, 1.10996
16.225, 8.5028, 1.11674
16.25, 8.56583, 1.11725
16.275, 8.62774, 1.12006
16.3, 8.692, 1.12198
16.325, 8.75019, 1.13451
16.35, 8.80043, 1.14218
16.375, 8.84455, 1.17963
16.4, 8.8875, 1.18321
16.425, 8.93275, 1.23396
16.45, 8.9831, 1.25211
16.475, 9.06368, 1.29033
16.5, 9.16862, 1.30018
16.525, 9.28625, 1.30644
16.55, 9.41717, 1.3067
16.575, 9.55682, 1.3067
16.6, 9.70331, 1.3067
16.625, 9.84364, 1.30644
16.65, 9.97834, 1.30644
16.675, 10.0733, 1.30644
16.7, 10.1283, 1.30657
16.725, 10.1693, 1.31667
16.75, 10.1981, 1.33265
16.775, 10.2487, 1.37432
16.8, 10.3268, 1.38135
16.825, 10.4587, 1.38442
16.85, 10.6348, 1.38455
16.875, 10.8144, 1.38429
16.9, 11, 1.38288
16.925, 11.1398, 1.35361
16.95, 11.2308, 1.34377
16.975, 11.2761, 1.32715
17, 11.2809, 1.32702
17.025, 11.2889, 1.3274
17.05, 11.3036, 1.32753
17.075, 11.3442, 1.32983
17.1, 11.4093, 1.32996
17.125, 11.4879, 1.33034
17.15, 11.5756, 1.33022
17.175, 11.6336, 1.32459
17.2, 11.6617, 1.31628
17.225, 11.6782, 1.28433
17.25, 11.6817, 1.27372
17.275, 11.666, 1.25122
17.3, 11.6423, 1.2484
17.325, 11.6402, 1.24457
17.35, 11.6527, 1.24444
17.375, 11.6674, 1.24367
17.4, 11.6863, 1.24367
17.425, 11.6963, 1.24201
17.45, 11.6935, 1.23818
17.475, 11.6897, 1.20942
17.5, 11.687, 1.18999
17.525, 11.6759, 1.15202
17.55, 11.6564, 1.13272
17.575, 11.6292, 1.08734
17.6, 11.5932, 1.07852
17.625, 11.5333, 1.06305
17.65, 11.4587, 1.06126
17.675, 11.3812, 1.06151
17.7, 11.2946, 1.06151
17.725, 11.2046, 1.0619
17.75, 11.111, 1.0619
17.775, 11.0194, 1.06088
17.8, 10.9307, 1.05627
17.825, 10.8611, 1.02253
17.85, 10.8077, 1.0091
17.875, 10.7488, 0.964107
17.9, 10.6861, 0.952474
17.925, 10.6222, 0.928058
17.95, 10.5599, 0.925502
17.975, 10.5014, 0.922689
18, 10.4481, 0.922689
18.025, 10.4038, 0.922817
18.05, 10.3636, 0.922689
18.075, 10.3035, 0.917576
18.1, 10.2235, 0.906838
18.125, 10.1353, 0.878971
18.15, 10.039, 0.866571
18.175, 9.94144, 0.830523
18.2, 9.85332, 0.821575
18.225, 9.83511, 0.810453
18.25, 9.87925, 0.802016
18.275, 9.95197, 0.778112
18.3, 10.0494, 0.770314
18.325, 10.0992, 0.751395
18.35, 10.0927, 0.747816
18.375, 10.0308, 0.739634
18.4, 9.92518, 0.739251
18.425, 9.81079, 0.729919
18.45, 9.67977, 0.724934
18.475, 9.57027, 0.706654
18.5, 9.49318, 0.697706
18.525, 9.42547, 0.680576
18.55, 9.36642, 0.678403
18.575, 9.30099, 0.677636
18.6, 9.22069, 0.678147
18.625, 9.11749, 0.685306
18.65, 8.99737, 0.698473
18.675, 8.87701, 0.728385
18.7, 8.75276, 0.737333
18.725, 8.64629, 0.756125
18.75, 8.56574, 0.756764
18.775, 8.50082, 0.758809
18.8, 8.44444, 0.758937
18.825, 8.39496, 0.759448
18.85, 8.35325, 0.759704
18.875, 8.30797, 0.782075
18.9, 8.25905, 0.792173
18.925, 8.21763, 0.842283
18.95, 8.18384, 0.852382
18.975, 8.15731, 0.894822
19, 8.13915, 0.91029
19.025, 8.13456, 0.937646
19.05, 8.13921, 0.941736
19.075, 8.15047, 0.945188
19.1, 8.1685, 0.945444
19.125, 8.19394, 0.948639
19.15, 8.23009, 0.950685
19.175, 8.25642, 0.97395
19.2, 8.2705, 0.988778
19.225, 8.28633, 1.03224
19.25, 8.30285, 1.04899
19.275, 8.31174, 1.10114
19.3, 8.31702, 1.12057
19.325, 8.34277, 1.15816
19.35, 8.38605, 1.16659
19.375, 8.46795, 1.17797
19.4, 8.58512, 1.17938
19.425, 8.71341, 1.1795
19.45, 8.85373, 1.1795
19.475, 8.97575, 1.1795
19.5, 9.07571, 1.1795
19.525, 9.13738, 1.19714
19.55, 9.16214, 1.21274
19.575, 9.17545, 1.26605
19.6, 9.18665, 1.28663
19.625, 9.2673, 1.32472
19.65, 9.41695, 1.32766
19.675, 9.60661, 1.32804
19.7, 9.83043, 1.32804
19.725, 10.0507, 1.32728
19.75, 10.2555, 1.32434
19.775, 10.3874, 1.31091
19.8, 10.4583, 1.31002
19.825, 10.5069, 1.30989
19.85, 10.5351, 1.3104
19.875, 10.5712, 1.31628
19.9, 10.6163, 1.32459
19.925, 10.6901, 1.34735
19.95, 10.7884, 1.34978
19.975, 10.878, 1.35054
20, 10.9552, 1.3508
20.025, 11.0129, 1.35054
20.05, 11.0552, 1.35054
20.075, 11.0791, 1.34875
20.1, 11.0894, 1.34824
20.125, 11.1016, 1.34773
20.15, 11.1145, 1.34786
20.175, 11.1299, 1.34837
20.2, 11.1487, 1.34888
20.225, 11.1673, 1.35489
20.25, 11.1845, 1.35923
20.275, 11.2133, 1.36115
20.3, 11.2529, 1.36128
20.325, 11.2862, 1.36102
20.35, 11.3146, 1.3609
20.375, 11.3456, 1.34952
20.4, 11.3788, 1.34147
20.425, 11.4086, 1.31385
20.45, 11.4377, 1.31194
20.475, 11.4551, 1.30912
20.5, 11.4614, 1.30797
20.525, 11.4843, 1.30785
20.55, 11.5224, 1.30785
20.575, 11.5703, 1.30235
20.6, 11.6274, 1.29685
20.625, 11.6892, 1.25365
20.65, 11.7488, 1.23409
20.675, 11.7605, 1.17132
20.7, 11.7273, 1.15956
20.725, 11.6709, 1.123
20.75, 11.5977, 1.11751
20.775, 11.558, 1.10971
20.8, 11.5593, 1.10562
20.825, 11.6099, 1.08925
20.85, 11.6945, 1.08146
20.875, 11.7821, 1.04924
20.9, 11.8742, 1.02956
20.925, 11.8989, 0.968198
20.95, 11.8584, 0.955926
20.975, 11.7841, 0.908756
21, 11.6744, 0.890732
21.025, 11.5569, 0.862097
21.05, 11.4407, 0.848803
21.075, 11.3589, 0.827583
21.1, 11.3107, 0.823236
21.125, 11.2746, 0.808664
21.15, 11.2458, 0.804573
21.175, 11.1714, 0.792429
21.2, 11.0537, 0.789489
21.225, 10.9236, 0.776322
21.25, 10.7795, 0.770314
21.275, 10.6415, 0.740274
21.3, 10.5097, 0.72928
21.325, 10.3826, 0.69924
21.35, 10.2586, 0.691058
21.375, 10.1328, 0.674696
21.4, 10.01, 0.674312
21.425, 9.8917, 0.674824
21.45, 9.77186, 0.675463
21.475, 9.6464, 0.684283
21.5, 9.5195, 0.689524
21.525, 9.40733, 0.695021
21.55, 9.31088, 0.696044
21.575, 9.22645, 0.696299
21.6, 9.1515, 0.696299
21.625, 9.0863, 0.689269
21.65, 9.03234, 0.687096
21.675, 8.97832, 0.673801
21.7, 8.9184, 0.671372
21.725, 8.85141, 0.671756
21.75, 8.78841, 0.673673
21.775, 8.72873, 0.691698
21.8, 8.66148, 0.697961
21.825, 8.58189, 0.723528
21.85, 8.494, 0.733371
21.875, 8.42356, 0.741168
21.9, 8.36899, 0.742447
21.925, 8.32685, 0.743342
21.95, 8.3031, 0.743342
21.975, 8.30319, 0.743342
22, 8.32108, 0.743469
22.025, 8.3464, 0.749477
22.05, 8.37877, 0.75344
22.075, 8.36371, 0.785398
22.1, 8.30182, 0.80061
22.125, 8.24612, 0.853277
22.15, 8.19875, 0.864782
22.175, 8.17564, 0.888303
22.2, 8.1761, 0.89022
22.225, 8.22507, 0.890859
22.25, 8.32409, 0.890859
22.275, 8.43584, 0.890732
22.3, 8.55336, 0.890732
22.325, 8.61807, 0.890732
22.35, 8.62939, 0.890987
22.375, 8.59649, 0.930871
22.4, 8.52422, 0.95094
22.425, 8.46987, 1.01997
22.45, 8.44427, 1.03684
22.475, 8.48625, 1.07225
22.5, 8.58229, 1.07379
22.525, 8.70071, 1.07404
22.55, 8.84117, 1.07404
22.575, 8.9594, 1.07391
22.6, 9.05065, 1.07391
22.625, 9.10599, 1.07404
22.65, 9.13155, 1.0743
22.675, 9.13342, 1.11188
22.7, 9.10862, 1.13118
22.725, 9.09527, 1.1919
22.75, 9.10087, 1.21172
22.775, 9.13107, 1.25518
22.8, 9.18175, 1.26017
22.825, 9.23752, 1.26873
22.85, 9.29228, 1.27026
22.875, 9.34875, 1.27333
22.9, 9.41174, 1.27384
22.925, 9.4719, 1.27563
22.95, 9.52863, 1.28036
22.975, 9.57675, 1.31986
23, 9.62398, 1.33239
23.025, 9.69037, 1.37509
23.05, 9.77523, 1.38621
23.075, 9.88059, 1.41471
23.1, 9.99153, 1.41817
23.125, 10.0995, 1.41893
23.15, 10.212, 1.41893
23.175, 10.3209, 1.4188
23.2, 10.4267, 1.4188
23.225, 10.5125, 1.41599
23.25, 10.5775, 1.41548
23.275, 10.6305, 1.41523
23.3, 10.6729, 1.41535
23.325, 10.7089, 1.41574
23.35, 10.7446, 1.41625
23.375, 10.809, 1.42008
23.4, 10.8968, 1.42072
23.425, 10.9906, 1.42085
23.45, 11.0894, 1.42072
23.475, 11.1702, 1.41932
23.5, 11.2314, 1.40807
23.525, 11.2764, 1.37457
23.55, 11.3071, 1.36857
23.575, 11.3294, 1.35808
23.6, 11.3441, 1.35693
23.625, 11.398, 1.35553
23.65, 11.4971, 1.35527
23.675, 11.6244, 1.34479
23.7, 11.7698, 1.33507
23.725, 11.899, 1.292
23.75, 12.0057, 1.27819
23.775, 12.0612, 1.21824
23.8, 12.068, 1.20085
23.825, 12.043, 1.15304
23.85, 11.9997, 1.13732
23.875, 11.9709, 1.10127
23.9, 11.9555, 1.0936
23.925, 11.9557, 1.06637
23.95, 11.9708, 1.06075
23.975, 11.9791, 1.04656
24, 11.9698, 1.04272
24.025, 11.9184, 1.02355
24.05, 11.8338, 1.01754
24.075, 11.74, 0.988011
24.1, 11.6358, 0.973055
24.125, 11.5336, 0.928953
24.15, 11.4334, 0.913869
24.175, 11.3328, 0.880888
24.2, 11.2363, 0.870534
24.225, 11.1389, 0.851359
24.25, 11.0353, 0.847652
24.275, 10.9146, 0.847524
24.3, 10.7839, 0.847524
24.325, 10.661, 0.848036
24.35, 10.5407, 0.848419
24.375, 10.4199, 0.847908
24.4, 10.3007, 0.846502
24.425, 10.1879, 0.827199
24.45, 10.0841, 0.816717
24.475, 9.97833, 0.785654
24.5, 9.86817, 0.780796
24.525, 9.77606, 0.772104
24.55, 9.70211, 0.771976
24.575, 9.63005, 0.772487
24.6, 9.55786, 0.772615
24.625, 9.47918, 0.77824
24.65, 9.39263, 0.780029
24.675, 9.29202, 0.780668
24.7, 9.17924, 0.780924
24.725, 9.06903, 0.781052
24.75, 8.96225, 0.780924
24.775, 8.8936, 0.779518
24.8, 8.86489, 0.776322
24.825, 8.86368, 0.768908
24.85, 8.88862, 0.765456
24.875, 8.90698, 0.763795
24.9, 8.90639, 0.763795
24.925, 8.86072, 0.765712
24.95, 8.77995, 0.76878
24.975, 8.68898, 0.786676
25, 8.58683, 0.791278
25.025, 8.52186, 0.797287
25.05, 8.49958, 0.797926
25.075, 8.5196, 0.797798
25.1, 8.57693, 0.797414
25.125, 8.64269, 0.795625
25.15, 8.70573, 0.792045
25.175, 8.7057, 0.791918
25.2, 8.65444, 0.792429
25.225, 8.58545, 0.816845
25.25, 8.49421, 0.834869
25.275, 8.42278, 0.882806
25.3, 8.3824, 0.891754
25.325, 8.37716, 0.906199
25.35, 8.39559, 0.911185
25.375, 8.42215, 0.912591
25.4, 8.46009, 0.912719
25.425, 8.49399, 0.913997
25.45, 8.5238, 0.916937
25.475, 8.53922, 0.947617
25.5, 8.53877, 0.962189
25.525, 8.53225, 1.01371
25.55, 8.52823, 1.03045
25.575, 8.53247, 1.08146
25.6, 8.53527, 1.09641
25.625, 8.54526, 1.12799
25.65, 8.56159, 1.13719
25.675, 8.59419, 1.14818
25.7, 8.6496, 1.14895
25.725, 8.71157, 1.15189
25.75, 8.77783, 1.15662
25.775, 8.83965, 1.1749
25.8, 8.8982, 1.18091
25.825, 8.9417, 1.22821
25.85, 8.97113, 1.24546
25.875, 9.0162, 1.2957
25.9, 9.0737, 1.31091
25.925, 9.1645, 1.34172
25.95, 9.28818, 1.34466
25.975, 9.43949, 1.34568
26, 9.61415, 1.34568
26.025, 9.78712, 1.34543
26.05, 9.95409, 1.34543
26.075, 10.0895, 1.34453
26.1, 10.1798, 1.34453
26.125, 10.2434, 1.34466
26.15, 10.2967, 1.34556
26.175, 10.3405, 1.34824
26.2, 10.4256, 1.38953
26.225, 10.5541, 1.3926
26.25, 10.7222, 1.39324
26.275, 10.9238, 1.39324
26.3, 11.0939, 1.39183
26.325, 11.229, 1.38582
26.35, 11.3198, 1.3508
26.375, 11.371, 1.34505
26.4, 11.3925, 1.33865
26.425, 11.3884, 1.3384
26.45, 11.4251, 1.3384
26.475, 11.5048, 1.33853
26.5, 11.6127, 1.33865
26.525, 11.7445, 1.33865
26.55, 11.864, 1.33635
26.575, 11.9628, 1.33124
26.6, 12.0278, 1.29161
26.625, 12.0623, 1.27781
26.65, 12.0642, 1.23754
26.675, 12.0401, 1.22731
26.7, 12.0066, 1.20545
26.725, 11.9678, 1.19957
26.75, 11.9296, 1.19778
26.775, 11.8916, 1.19778
26.8, 11.8549, 1.19791
26.825, 11.8171, 1.19804
26.85, 11.7875, 1.19829
26.875, 11.7661, 1.19804
26.9, 11.7473, 1.18947
26.925, 11.7316, 1.17375
26.95, 11.7147, 1.13374
26.975, 11.6942, 1.11533
27, 11.6628, 1.07289
27.025, 11.6192, 1.0642
27.05, 11.5585, 1.04592
27.075, 11.4832, 1.04106
27.1, 11.4109, 1.03978
27.125, 11.3467, 1.03991
27.15, 11.2903, 1.04004
27.175, 11.2354, 1.03991
27.2, 11.1741, 1.03135
27.225, 11.1078, 1.02176
27.25, 11.0294, 0.984688
27.275, 10.9424, 0.966791
27.3, 10.8569, 0.933555
27.325, 10.7617, 0.922689
27.35, 10.677, 0.90556
27.375, 10.6208, 0.901469
27.4, 10.5954, 0.893799
27.425, 10.5885, 0.89201
27.45, 10.5637, 0.884596
27.475, 10.5179, 0.881016
27.5, 10.44, 0.86606
27.525, 10.3339, 0.859796
27.55, 10.2264, 0.839343
27.575, 10.1202, 0.82835
27.6, 10.0412, 0.797159
27.625, 9.99038, 0.786549
27.65, 9.97012, 0.755741
27.675, 9.97353, 0.746921
27.7, 9.97555, 0.733243
27.725, 9.97406, 0.731581
27.75, 9.92386, 0.730558
27.775, 9.82953, 0.730558
27.8, 9.71492, 0.730814
27.825, 9.58443, 0.730814
27.85, 9.47373, 0.730303
27.875, 9.38404, 0.727746
27.9, 9.3175, 0.70806
27.925, 9.2742, 0.697578
27.95, 9.23473, 0.675846
27.975, 9.19279, 0.672011
28, 9.13485, 0.671372
28.025, 9.06413, 0.671756
28.05, 8.98515, 0.681727
28.075, 8.89685, 0.688374
28.1, 8.81651, 0.712406
28.125, 8.75132, 0.718159
28.15, 8.68979, 0.722888
28.175, 8.62199, 0.724167
28.2, 8.5597, 0.725317
28.225, 8.50825, 0.725317
28.25, 8.45492, 0.725445
28.275, 8.3959, 0.725445
28.3, 8.33488, 0.73695
28.325, 8.27489, 0.74935
28.35, 8.21977, 0.790511
28.375, 8.16612, 0.807513
28.4, 8.11558, 0.852893
28.425, 8.07385, 0.869384
28.45, 8.05293, 0.895078
28.475, 8.0462, 0.900319
28.5, 8.05199, 0.907605
28.525, 8.07092, 0.911185
28.55, 8.10234, 0.912846
28.575, 8.14588, 0.913358
28.6, 8.18121, 0.931893
28.625, 8.20505, 0.941097
28.65, 8.20602, 0.993892
28.675, 8.18841, 1.0077
28.7, 8.1719, 1.06279
28.725, 8.16108, 1.08158
28.75, 8.18517, 1.12262
28.775, 8.24468, 1.13527
28.8, 8.35762, 1.14307
28.825, 8.51652, 1.1432
28.85, 8.67839, 1.14307
28.875, 8.84286, 1.14307
28.9, 8.95906, 1.14294
28.925, 9.02496, 1.1432
28.95, 9.06692, 1.15343
28.975, 9.08877, 1.17094
29, 9.12103, 1.22386
29.025, 9.17147, 1.23907
29.05, 9.2714, 1.27499
29.075, 9.41767, 1.27883
29.1, 9.59754, 1.27921
29.125, 9.79376, 1.27908
29.15, 9.9326, 1.27883
29.175, 10.0249, 1.2787
29.2, 10.083, 1.27717
29.225, 10.107, 1.27717
29.25, 10.1281, 1.27781
29.275, 10.1543, 1.27998
29.3, 10.2058, 1.3081
29.325, 10.2743, 1.3191
29.35, 10.3577, 1.34862
29.375, 10.4542, 1.35156
29.4, 10.5406, 1.35361
29.425, 10.6178, 1.35399
29.45, 10.6826, 1.35387
29.475, 10.7371, 1.35387
29.5, 10.7855, 1.35297
29.525, 10.8284, 1.35259
29.55, 10.8809, 1.35259
29.575, 10.9443, 1.35246
29.6, 11.0112, 1.35272
29.625, 11.0801, 1.35272
29.65, 11.1499, 1.35374
29.675, 11.2209, 1.35425
29.7, 11.2928, 1.35425
29.725, 11.3651, 1.35425
29.75, 11.4348, 1.34978
29.775, 11.5019, 1.343
29.8, 11.5552, 1.31053
29.825, 11.595, 1.29826
29.85, 11.6177, 1.27346
29.875, 11.6224, 1.26745
29.9, 11.6208, 1.26579
29.925, 11.6193, 1.26566
29.95, 11.6213, 1.26541
29.975, 11.6217, 1.26553
30, 11.6212, 1.26387
30.025, 11.6206, 1.25965
30.05, 11.6164, 1.22795
30.075, 11.6073, 1.2098
30.1, 11.5855, 1.16646
30.125, 11.5489, 1.15164
30.15, 11.5029, 1.12057
30.175, 11.4591, 1.10971
30.2, 11.4352, 1.10165
30.225, 11.4269, 1.09846
30.25, 11.4356, 1.09232
30.275, 11.4539, 1.08683
30.3, 11.4395, 1.06586
30.325, 11.3944, 1.05985
30.35, 11.3379, 1.03262
30.375, 11.2697, 1.02086
30.4, 11.1829, 0.982898
30.425, 11.0783, 0.967175
30.45, 11.0477, 0.932788
30.475, 11.0959, 0.916426
30.5, 11.1704, 0.874753
30.525, 11.2602, 0.859541
30.55, 11.3029, 0.829372
30.575, 11.2981, 0.822342
30.6, 11.2343, 0.80355
30.625, 11.1204, 0.802528
30.65, 10.9909, 0.787571
30.675, 10.8481, 0.781691
30.7, 10.7199, 0.757531
30.725, 10.6034, 0.743214
30.75, 10.4832, 0.705887
30.775, 10.3626, 0.697322
30.8, 10.2446, 0.686968
30.825, 10.1237, 0.686456
30.85, 9.99544, 0.686329
30.875, 9.86493, 0.686968
30.9, 9.73932, 0.694254
30.925, 9.61619, 0.698473
30.95, 9.50442, 0.70333
30.975, 9.40811, 0.703969
31, 9.31649, 0.703969
31.025, 9.22618, 0.703458
31.05, 9.14417, 0.694893
31.075, 9.06884, 0.689269
31.1, 8.9728, 0.683388
31.125, 8.85974, 0.683133
31.15, 8.74804, 0.685817
31.175, 8.63546, 0.694254
31.2, 8.52446, 0.722761
31.225, 8.41814, 0.73989
31.25, 8.33848, 0.764434
31.275, 8.28001, 0.771337
31.3, 8.22392, 0.776833
31.325, 8.17177, 0.779007
31.35, 8.13144, 0.782969
31.375, 8.10357, 0.783609
31.4, 8.07315, 0.788083
31.425, 8.04105, 0.791151
31.45, 8.00465, 0.817995
31.475, 7.9654, 0.832824
31.5, 7.92709, 0.879866
31.525, 7.88382, 0.897762
31.55, 7.84607, 0.952858
31.575, 7.81651, 0.968325
31.6, 7.84277, 0.993764
31.625, 7.92483, 0.995554
31.65, 8.0385, 0.995681
31.675, 8.18272, 0.995554
31.7, 8.31503, 0.995298
31.725, 8.42478, 0.99517
31.75, 8.48382, 0.995298
31.775, 8.50119, 0.995554
31.8, 8.49845, 1.02687
31.825, 8.47121, 1.04451
31.85, 8.49334, 1.09769
31.875, 8.58025, 1.10996
31.9, 8.71171, 1.13221
31.925, 8.8765, 1.1331
31.95, 9.05399, 1.1331
31.975, 9.23111, 1.13297
32, 9.34984, 1.12863
32.025, 9.42131, 1.12773
32.05, 9.46637, 1.1276
32.075, 9.48971, 1.12786
32.1, 9.51875, 1.13988
32.125, 9.55223, 1.15074
32.15, 9.58041, 1.19408
32.175, 9.60186, 1.21248
32.2, 9.64737, 1.24879
32.225, 9.71409, 1.25569
32.25, 9.77804, 1.2562
32.275, 9.84106, 1.25646
32.3, 9.89613, 1.25659
32.325, 9.94607, 1.25659
32.35, 9.98797, 1.25684
32.375, 10.02, 1.25799
32.4, 10.0308, 1.28842
32.425, 10.0302, 1.30644
32.45, 10.0475, 1.35003
32.475, 10.0757, 1.36486
32.5, 10.1135, 1.39516
32.525, 10.1635, 1.40193
32.55, 10.2351, 1.40436
32.575, 10.3202, 1.40436
32.6, 10.3992, 1.40423
32.625, 10.4749, 1.40423
32.65, 10.539, 1.40385
32.675, 10.5913, 1.40372
32.7, 10.6388, 1.40385
32.725, 10.6832, 1.40385
32.75, 10.7409, 1.40423
32.775, 10.8128, 1.40449
32.8, 10.8963, 1.40615
32.825, 10.9889, 1.40756
32.85, 11.0829, 1.40845
32.875, 11.1708, 1.40845
32.9, 11.2224, 1.40704
32.925, 11.2455, 1.40602
32.95, 11.2645, 1.3848
32.975, 11.2792, 1.37751
33, 11.3155, 1.3678
33.025, 11.3831, 1.3623
33.05, 11.4978, 1.35732
33.075, 11.6552, 1.35335
33.1, 11.8269, 1.32779
33.125, 12.0022, 1.31475
33.15, 12.1043, 1.27474
33.175, 12.1331, 1.26208
33.2, 12.1273, 1.21811
33.225, 12.0958, 1.20328
33.25, 12.0628, 1.15509
33.275, 12.0317, 1.14218
33.3, 12.0177, 1.1092
33.325, 12.0181, 1.09705
33.35, 12.0252, 1.07391
33.375, 12.0333, 1.06816
33.4, 12.0119, 1.05321
33.425, 11.9642, 1.05014
33.45, 11.9011, 1.03595
33.475, 11.8288, 1.02789
33.5, 11.7587, 0.995426
33.525, 11.6846, 0.98162
33.55, 11.5929, 0.934833
33.575, 11.4879, 0.918982
33.6, 11.3816, 0.876798
33.625, 11.2706, 0.871429
33.65, 11.1527, 0.860052
33.675, 11.0377, 0.859924
33.7, 10.9313, 0.859541
33.725, 10.8231, 0.859541
33.75, 10.7186, 0.859796
33.775, 10.6231, 0.859668
33.8, 10.5324, 0.853149
33.825, 10.4447, 0.844584
33.85, 10.3679, 0.80828
33.875, 10.2988, 0.79767
33.9, 10.2296, 0.756764
33.925, 10.1608, 0.748583
33.95, 10.0686, 0.730047
33.975, 9.95668, 0.729408
34, 9.84782, 0.729152
34.025, 9.74719, 0.729408
34.05, 9.64294, 0.730431
34.075, 9.52646, 0.731709
34.1, 9.41102, 0.737717
34.125, 9.30097, 0.738995
34.15, 9.20604, 0.739507
34.175, 9.12599, 0.739507
34.2, 9.08326, 0.735032
34.225, 9.07603, 0.730814
34.25, 9.07378, 0.711128
34.275, 9.07872, 0.708443
34.3, 9.04561, 0.707165
34.325, 8.96656, 0.709083
34.35, 8.86234, 0.726596
34.375, 8.73515, 0.735544
34.4, 8.61392, 0.764562
34.425, 8.51397, 0.773254
34.45, 8.50427, 0.781691
34.475, 8.57211, 0.781691
34.5, 8.65201, 0.77824
34.525, 8.73947, 0.775427
34.55, 8.79803, 0.755486
34.575, 8.82398, 0.753568
34.6, 8.7972, 0.753568
34.625, 8.72636, 0.755358
34.65, 8.64508, 0.781052
34.675, 8.54727, 0.799971
34.7, 8.45935, 0.854811
34.725, 8.38938, 0.866827
34.75, 8.34429, 0.884851
34.775, 8.31701, 0.886002
34.8, 8.29325, 0.888303
34.825, 8.27578, 0.891243
34.85, 8.25647, 0.907861
34.875, 8.2325, 0.919749
34.9, 8.20652, 0.956948
34.925, 8.18108, 0.972672
34.95, 8.16225, 1.03147
34.975, 8.1558, 1.04541
35, 8.16015, 1.10383
35.025, 8.17039, 1.12032
35.05, 8.20451, 1.15125
35.075, 8.25795, 1.15956
35.1, 8.32439, 1.16467
35.125, 8.40564, 1.16557
35.15, 8.48293, 1.16621
35.175, 8.55888, 1.16685
35.2, 8.63089, 1.1905
35.225, 8.69792, 1.20123
35.25, 8.77509, 1.23984
35.275, 8.86119, 1.25774
35.3, 8.95015, 1.30542
35.325, 9.04746, 1.31398
35.35, 9.19588, 1.3315
35.375, 9.38608, 1.3329
35.4, 9.56603, 1.3329
35.425, 9.73622, 1.33277
35.45, 9.88031, 1.33188
35.475, 9.99712, 1.33137
35.5, 10.0843, 1.33009
35.525, 10.1468, 1.33009
35.55, 10.2001, 1.3306
35.575, 10.244, 1.33111
35.6, 10.3475, 1.35885
35.625, 10.5149, 1.36192
35.65, 10.7115, 1.36307
35.675, 10.9324, 1.36307
35.7, 11.1143, 1.36256
35.725, 11.2467, 1.36039
35.75, 11.3274, 1.33111
35.775, 11.3663, 1.3251
35.8, 11.3779, 1.31155
35.825, 11.3636, 1.31066
35.85, 11.3754, 1.31091
35.875, 11.4132, 1.31091
35.9, 11.4565, 1.31143
35.925, 11.5064, 1.31168
35.95, 11.5551, 1.31296
35.975, 11.599, 1.31322
36, 11.6273, 1.31296
36.025, 11.6431, 1.31206
36.05, 11.6561, 1.2989
36.075, 11.6678, 1.28663
36.1, 11.6774, 1.25748
36.125, 11.6841, 1.24585
36.15, 11.681, 1.22361
36.175, 11.6673, 1.21939
36.2, 11.6423, 1.21939
36.225, 11.6095, 1.21939
36.25, 11.5695, 1.21977
36.275, 11.5205, 1.21977
36.3, 11.4754, 1.21964
36.325, 11.4353, 1.21951
36.35, 11.4029, 1.20149
36.375, 11.3808, 1.18615
36.4, 11.362, 1.14422
36.425, 11.3414, 1.13272
36.45, 11.3196, 1.10447
36.475, 11.2984, 1.09731
36.5, 11.2685, 1.09168
36.525, 11.2342, 1.09092
36.55, 11.2106, 1.09079
36.575, 11.1922, 1.09028
36.6, 11.1585, 1.08043
36.625, 11.1088, 1.07698
36.65, 11.0586, 1.04745
36.675, 11.0101, 1.03275
36.7, 10.9531, 0.976123
36.725, 10.8853, 0.959761
36.75, 10.8329, 0.929337
36.775, 10.8023, 0.919238
36.8, 10.7846, 0.907477
36.825, 10.779, 0.903131
36.85, 10.7451, 0.893288
36.875, 10.6678, 0.892521
36.9, 10.5538, 0.89201
36.925, 10.418, 0.89201
36.95, 10.2827, 0.888814
36.975, 10.1443, 0.885235
37, 10.0882, 0.860563
37.025, 10.1154, 0.844201
37.05, 10.181, 0.780413
37.075, 10.2768, 0.766863
37.1, 10.3501, 0.733626
37.125, 10.3943, 0.723016
37.15, 10.3494, 0.704609
37.175, 10.2248, 0.704353
37.2, 10.0748, 0.704992
37.225, 9.908, 0.705887
37.25, 9.75224, 0.709083
37.275, 9.60725, 0.709338
37.3, 9.48495, 0.70921
37.325, 9.38324, 0.708699
37.35, 9.29382, 0.698856
37.375, 9.21461, 0.696427
37.4, 9.12048, 0.691314
37.425, 9.01411, 0.691314
37.45, 8.90977, 0.693743
37.475, 8.80441, 0.703842
37.5, 8.69469, 0.740146
37.525, 8.58299, 0.747688
37.55, 8.49187, 0.767374
37.575, 8.42154, 0.772871
37.6, 8.36097, 0.776578
37.625, 8.30849, 0.776961
37.65, 8.2671, 0.777345
37.675, 8.23748, 0.777345
37.7, 8.20712, 0.778112
37.725, 8.17458, 0.779774
37.75, 8.12752, 0.814672
37.775, 8.06862, 0.837426
37.8, 8.02771, 0.888431
37.825, 8.00075, 0.90083
37.85, 7.98754, 0.941736
37.875, 7.99132, 0.953241
37.9, 8.00906, 0.97101
37.925, 8.03179, 0.971138
37.95, 8.05951, 0.971905
37.975, 8.10051, 0.972288
38, 8.13731, 0.977274
38.025, 8.16378, 0.985838
38.05, 8.16848, 1.02342
38.075, 8.15416, 1.03876
38.1, 8.13811, 1.0968
38.125, 8.1282, 1.12211
38.15, 8.16731, 1.168
38.175, 8.25305, 1.17631
38.2, 8.37266, 1.18756
38.225, 8.52546, 1.19152
38.25, 8.68738, 1.19203
38.275, 8.84532, 1.19203
38.3, 8.95262, 1.19178
38.325, 9.01786, 1.19178
38.35, 9.06894, 1.19229
38.375, 9.10435, 1.19433
38.4, 9.14512, 1.2447
38.425, 9.20633, 1.26029
38.45, 9.33871, 1.30606
38.475, 9.52413, 1.30861
38.5, 9.72857, 1.30874
38.525, 9.94791, 1.30861
38.55, 10.1036, 1.30797
38.575, 10.2005, 1.30785
38.6, 10.2671, 1.30491
38.625, 10.3067, 1.30491
38.65, 10.3481, 1.30491
38.675, 10.3965, 1.30491
38.7, 10.4711, 1.30555
38.725, 10.5671, 1.30567
38.75, 10.666, 1.31488
38.775, 10.7645, 1.3214
38.8, 10.8477, 1.32536
38.825, 10.9151, 1.32779
38.85, 10.9651, 1.32856
38.875, 11.0015, 1.32856
38.9, 11.0329, 1.3283
38.925, 11.0598, 1.3283
38.95, 11.0874, 1.32804
38.975, 11.1153, 1.32804
39, 11.1426, 1.32817
39.025, 11.1693, 1.3283
39.05, 11.1979, 1.32856
39.075, 11.2287, 1.32919
39.1, 11.261, 1.33098
39.125, 11.2941, 1.33316
39.15, 11.3278, 1.33328
39.175, 11.3628, 1.33316
39.2, 11.3756, 1.33047
39.225, 11.3665, 1.32625
39.25, 11.3538, 1.3058
39.275, 11.3392, 1.30299
39.3, 11.3326, 1.30158
39.325, 11.3362, 1.30107
39.35, 11.361, 1.30094
39.375, 11.4034, 1.30082
39.4, 11.4515, 1.30056
39.425, 11.5039, 1.30005
39.45, 11.533, 1.27308
39.475, 11.5335, 1.264
39.5, 11.5143, 1.22527
39.525, 11.4819, 1.21555
39.55, 11.4601, 1.17912
39.575, 11.4616, 1.16327
39.6, 11.5132, 1.13042
39.625, 11.6021, 1.11853
39.65, 11.7056, 1.08465
39.675, 11.82, 1.0757
39.7, 11.8778, 1.04093
39.725, 11.8769, 1.03032
39.75, 11.8273, 1.00757
39.775, 11.734, 0.999644
39.8, 11.6334, 0.963212
39.825, 11.5332, 0.948384
39.85, 11.4748, 0.907222
39.875, 11.4538, 0.893416
39.9, 11.4458, 0.846118
39.925, 11.4482, 0.832952
39.95, 11.408, 0.804317
39.975, 11.3223, 0.800354
40, 11.2007, 0.800354
40.025, 11.0487, 0.800354
40.05, 10.8917, 0.800354
40.075, 10.7302, 0.800354
40.1, 10.5867, 0.798054
40.125, 10.4623, 0.790895
40.15, 10.3524, 0.757147
40.175, 10.2491, 0.74462
40.2, 10.1314, 0.720715
40.225, 10.0159, 0.716241
40.25, 9.90148, 0.710105
40.275, 9.77727, 0.709722
40.3, 9.65862, 0.711511
40.325, 9.54771, 0.713301
40.35, 9.4349, 0.724039
40.375, 9.32124, 0.726084
40.4, 9.21972, 0.730558
40.425, 9.12559, 0.730686
40.45, 9.0358, 0.730558
40.475, 8.95283, 0.730558
40.5, 8.87367, 0.729791
40.525, 8.79666, 0.729024
40.55, 8.72146, 0.728897
40.575, 8.64895, 0.729024
40.6, 8.57705, 0.732859
40.625, 8.50427, 0.742191
40.65, 8.42479, 0.768141
40.675, 8.34334, 0.780541
40.7, 8.28903, 0.8024
40.725, 8.25712, 0.806235
40.75, 8.24336, 0.80649
40.775, 8.2471, 0.806363
40.8, 8.26334, 0.806235
40.825, 8.29123, 0.806107
40.85, 8.29141, 0.806107
40.875, 8.26256, 0.806235
40.9, 8.21414, 0.824515
40.925, 8.14467, 0.837554
40.95, 8.06371, 0.891115
40.975, 7.98134, 0.908117
41, 7.98932, 0.956054
41.025, 8.08009, 0.961039
41.05, 8.20545, 0.961678
41.075, 8.36616, 0.961678
41.1, 8.51171, 0.958994
41.125, 8.63236, 0.957332
41.15, 8.70078, 0.952986
41.175, 8.72464, 0.953113
41.2, 8.7293, 0.955542
41.225, 8.71567, 0.965641
41.25, 8.71344, 1.01831
41.275, 8.72815, 1.03531
41.3, 8.77849, 1.06752
41.325, 8.85637, 1.07468
41.35, 8.9302, 1.07877
41.375, 8.998, 1.07903
41.4, 9.04663, 1.08414
41.425, 9.08045, 1.08708
41.45, 9.10458, 1.09373
41.475, 9.12167, 1.10319
41.5, 9.13598, 1.13911
41.525, 9.14666, 1.15381
41.55, 9.1578, 1.20801
41.575, 9.16547, 1.22207
41.6, 9.18594, 1.26668
41.625, 9.2237, 1.28356
41.65, 9.27156, 1.30989
41.675, 9.33002, 1.31117
41.7, 9.39368, 1.31168
41.725, 9.46082, 1.31194
41.75, 9.54297, 1.31283
41.775, 9.64015, 1.31552
41.8, 9.73502, 1.32868
41.825, 9.82697, 1.3315
41.85, 9.90809, 1.3678
41.875, 9.98184, 1.3793
41.9, 10.0935, 1.41484
41.925, 10.2352, 1.41957
41.95, 10.3772, 1.42059
41.975, 10.5217, 1.42059
42, 10.6514, 1.42047
42.025, 10.763, 1.42021
42.05, 10.8497, 1.41024
42.075, 10.9173, 1.4073
42.1, 10.9745, 1.39426
42.125, 11.0177, 1.39375
42.15, 11.0946, 1.39413
42.175, 11.209, 1.39426
42.2, 11.3332, 1.39426
42.225, 11.4662, 1.39413
42.25, 11.5925, 1.39349
42.275, 11.7012, 1.38979
42.3, 11.7614, 1.35514
42.325, 11.7825, 1.34875
42.35, 11.7861, 1.31513
42.375, 11.7701, 1.30197
42.4, 11.7799, 1.27998
42.425, 11.8226, 1.26937
42.45, 11.8959, 1.25096
42.475, 11.9956, 1.24483
42.5, 12.1019, 1.22795
42.525, 12.2013, 1.2199
42.55, 12.2244, 1.19241
42.575, 12.1849, 1.18986
42.6, 12.1284, 1.16634
42.625, 12.0653, 1.15624
42.65, 12.0199, 1.11508
42.675, 11.9782, 1.10114
42.7, 11.948, 1.061
42.725, 11.9372, 1.04796
42.75, 11.9231, 1.01677
42.775, 11.9001, 1.00719
42.8, 11.8364, 0.996321
42.825, 11.7385, 0.995937
42.85, 11.6306, 0.995937
42.875, 11.5098, 0.995937
42.9, 11.3908, 0.995042
42.925, 11.2771, 0.990568
42.95, 11.1819, 0.957971
42.975, 11.0984, 0.944804
43, 11.0121, 0.905943
43.025, 10.9315, 0.894439
43.05, 10.85, 0.874497
43.075, 10.7678, 0.868233
43.1, 10.6864, 0.862225
43.125, 10.6059, 0.861458
43.15, 10.5283, 0.861586
43.175, 10.4459, 0.861586
43.2, 10.3539, 0.861202
43.225, 10.2562, 0.8566
43.25, 10.1602, 0.839343
43.275, 10.069, 0.830395
43.3, 9.99077, 0.794091
43.325, 9.91293, 0.78412
43.35, 9.82961, 0.758298
43.375, 9.75329, 0.752801
43.4, 9.66728, 0.751778
43.425, 9.56765, 0.751778
43.45, 9.46411, 0.752929
43.475, 9.35732, 0.757531
43.5, 9.25331, 0.762516
43.525, 9.15364, 0.765073
43.55, 9.06785, 0.765968
43.575, 8.99722, 0.765968
43.6, 8.95102, 0.765712
43.625, 8.9256, 0.762005
43.65, 8.90947, 0.738995
43.675, 8.89828, 0.736055
43.7, 8.84983, 0.731453
43.725, 8.77008, 0.731709
43.75, 8.67203, 0.740529
43.775, 8.55363, 0.7505
43.8, 8.45858, 0.78821
43.825, 8.39304, 0.79588
43.85, 8.39021, 0.801761
43.875, 8.44312, 0.8024
43.9, 8.51468, 0.801761
43.925, 8.60226, 0.796775
43.95, 8.6419, 0.777984
43.975, 8.63376, 0.775044
44, 8.60065, 0.774149
44.025, 8.54306, 0.774788
44.05, 8.46705, 0.791662
44.075, 8.38037, 0.808536
44.1, 8.31938, 0.857367
44.125, 8.2855, 0.873858
44.15, 8.2767, 0.893799
44.175, 8.28491, 0.900702
44.2, 8.30199, 0.907861
44.225, 8.32677, 0.9085
44.25, 8.34351, 0.913358
44.275, 8.35553, 0.915914
44.3, 8.36331, 0.931893
44.325, 8.36364, 0.94212
44.35, 8.36346, 0.988011
44.375, 8.37061, 1.0068
44.4, 8.39009, 1.05768
44.425, 8.41594, 1.07328
44.45, 8.46394, 1.11047
44.475, 8.53034, 1.12223
44.5, 8.60008, 1.13374
44.525, 8.67471, 1.13463
44.55, 8.74887, 1.13834
44.575, 8.82087, 1.13949
44.6, 8.88351, 1.14154
44.625, 8.9392, 1.151
44.65, 8.98119, 1.18666
44.675, 9.01601, 1.20136
44.7, 9.05815, 1.24956
44.725, 9.11068, 1.26822
44.75, 9.19577, 1.30849
44.775, 9.30549, 1.31296
44.8, 9.42669, 1.31654
44.825, 9.55392, 1.31667
44.85, 9.66153, 1.31667
44.875, 9.75341, 1.31667
44.9, 9.83349, 1.31667
44.925, 9.90063, 1.31667
44.95, 9.96329, 1.31705
44.975, 10.029, 1.31833
45, 10.1188, 1.35029
45.025, 10.2303, 1.3577
45.05, 10.3598, 1.38365
45.075, 10.5059, 1.38518
45.1, 10.6268, 1.38531
45.125, 10.7109, 1.38531
45.15, 10.7643, 1.38518
45.175, 10.7955, 1.38518
45.2, 10.817, 1.38493
45.225, 10.8305, 1.38429
45.25, 10.9083, 1.38416
45.275, 11.0516, 1.38378
45.3, 11.2134, 1.38276
45.325, 11.3896, 1.38199
45.35, 11.5408, 1.37969
45.375, 11.6608, 1.37534
45.4, 11.7281, 1.36141
45.425, 11.7467, 1.35591
45.45, 11.7474, 1.33648
45.475, 11.7341, 1.32446
45.5, 11.7207, 1.29251
45.525, 11.7165, 1.28573
45.55, 11.7304, 1.26643
45.575, 11.7477, 1.25991
45.6, 11.7539, 1.25262
45.625, 11.7595, 1.25198
45.65, 11.75, 1.25211
45.675, 11.7174, 1.25211
45.7, 11.6787, 1.25237
45.725, 11.6407, 1.25224
45.75, 11.6107, 1.23639
45.775, 11.5875, 1.22693
45.8, 11.5822, 1.18577
45.825, 11.5929, 1.1657
45.85, 11.5937, 1.11891
45.875, 11.5864, 1.10779
45.9, 11.5561, 1.08823
45.925, 11.5041, 1.08261
45.95, 11.439, 1.08184
45.975, 11.3625, 1.08184
46, 11.2904, 1.0821
46.025, 11.2194, 1.08197
46.05, 11.1514, 1.07443
46.075, 11.0911, 1.06599
46.1, 11.0401, 1.0293
46.125, 10.9937, 1.01192
46.15, 10.9553, 0.967047
46.175, 10.9216, 0.953113
46.2, 10.8732, 0.924735
46.225, 10.8135, 0.918982
46.25, 10.7341, 0.918088
46.275, 10.6315, 0.918088
46.3, 10.5087, 0.918088
46.325, 10.371, 0.918215
46.35, 10.2387, 0.918599
46.375, 10.1117, 0.918599
46.4, 10.0299, 0.917065
46.425, 9.997, 0.904665
46.45, 10.0069, 0.858134
46.475, 10.0485, 0.842795
46.5, 10.0674, 0.790639
46.525, 10.0651, 0.784503
46.55, 10.007, 0.776578
46.575, 9.89666, 0.776578
46.6, 9.77488, 0.777856
46.625, 9.64415, 0.781691
46.65, 9.54127, 0.789744
46.675, 9.46754, 0.789872
46.7, 9.42303, 0.789744
46.725, 9.40776, 0.789233
46.75, 9.41202, 0.758298
46.775, 9.42728, 0.748583
46.8, 9.4001, 0.719948
46.825, 9.334, 0.715474
46.85, 9.26575, 0.715091
46.875, 9.19742, 0.715602
46.9, 9.12511, 0.722633
46.925, 9.05071, 0.73107
46.95, 8.98727, 0.747943
46.975, 8.93252, 0.751395
47, 8.88215, 0.753696
47.025, 8.83619, 0.753824
47.05, 8.78736, 0.753824
47.075, 8.73578, 0.753824
47.1, 8.68062, 0.753824
47.125, 8.62254, 0.753824
47.15, 8.56388, 0.758809
47.175, 8.5032, 0.76763
47.2, 8.4228, 0.819018
47.225, 8.32486, 0.833079
47.25, 8.24438, 0.88549
47.275, 8.18465, 0.903259
47.3, 8.16101, 0.929081
47.325, 8.17389, 0.933555
47.35, 8.19443, 0.935345
47.375, 8.213, 0.937518
47.4, 8.24261, 0.939563
47.425, 8.28638, 0.941481
47.45, 8.32046, 0.961934
47.475, 8.34653, 0.970754
47.5, 8.37329, 1.01332
47.525, 8.40508, 1.02815
47.55, 8.46142, 1.07558
47.575, 8.53867, 1.08555
47.6, 8.63434, 1.11341
47.625, 8.74486, 1.11981
47.65, 8.87511, 1.12045
47.675, 9.01096, 1.12045
47.7, 9.08652, 1.12045
47.725, 9.11694, 1.12045
47.75, 9.13489, 1.12083
47.775, 9.13904, 1.12569
47.8, 9.14323, 1.16851
47.825, 9.16454, 1.18679
47.85, 9.25115, 1.23601
47.875, 9.38207, 1.24214
47.9, 9.53124, 1.26132
47.925, 9.70483, 1.26362
47.95, 9.84045, 1.26387
47.975, 9.92701, 1.26387
48, 9.98106, 1.26374
48.025, 10.013, 1.26374
48.05, 10.0472, 1.26374
48.075, 10.0866, 1.26387
48.1, 10.1534, 1.27039
48.125, 10.2452, 1.27384
48.15, 10.332, 1.3012
48.175, 10.4107, 1.31015
48.2, 10.4967, 1.32971
48.225, 10.5969, 1.33124
48.25, 10.6783, 1.33239
48.275, 10.7354, 1.33252
48.3, 10.791, 1.33252
48.325, 10.8436, 1.33239
48.35, 10.8818, 1.33188
48.375, 10.9087, 1.33188
48.4, 10.9351, 1.33188
48.425, 10.96, 1.33188
48.45, 10.9817, 1.33239
48.475, 11.0007, 1.33252
48.5, 11.0148, 1.35169
48.525, 11.0248, 1.35923
48.55, 11.0421, 1.36166
48.575, 11.0618, 1.36179
48.6, 11.0834, 1.36154
48.625, 11.1137, 1.36128
48.65, 11.1487, 1.35029
48.675, 11.1848, 1.34211
48.7, 11.2248, 1.32651
48.725, 11.2714, 1.32101
48.75, 11.3194, 1.31577
48.775, 11.3689, 1.31488
48.8, 11.4202, 1.31449
48.825, 11.47, 1.31424
48.85, 11.5148, 1.30082
48.875, 11.5558, 1.29749
48.9, 11.6114, 1.25518
48.925, 11.6725, 1.22757
48.95, 11.7197, 1.18423
48.975, 11.7712, 1.15956
49, 11.8209, 1.11073
49.025, 11.855, 1.09475
49.05, 11.8794, 1.06369
49.075, 11.9063, 1.05627
49.1, 11.8879, 1.04029
49.125, 11.8107, 1.03889
49.15, 11.7126, 1.03556
49.175, 11.6035, 1.03493
49.2, 11.496, 1.01652
49.225, 11.3969, 1.00821
49.25, 11.348, 0.967814
49.275, 11.3445, 0.955542
49.3, 11.3352, 0.914253
49.325, 11.3176, 0.867466
49.35, 11.2951, 0.859029
49.375, 11.2192, 0.837426
49.4, 11.0951, 0.836403
49.425, 10.9478, 0.836531
49.45, 10.7859, 0.836787
49.475, 10.64, 0.836914
49.5, 10.5091, 0.836914
49.525, 10.4023, 0.833463
49.55, 10.3178, 0.823109
49.575, 10.2491, 0.784759
49.6, 10.1916, 0.770314
49.625, 10.1113, 0.736311
49.65, 10.008, 0.731325
49.675, 9.89765, 0.727874
49.7, 9.78874, 0.727746
49.725, 9.68514, 0.728897
49.75, 9.58343, 0.730175
49.775, 9.49985, 0.738356
49.8, 9.43229, 0.740529
49.825, 9.36828, 0.740529
49.85, 9.30787, 0.740146
49.875, 9.24286, 0.727618
49.9, 9.17272, 0.717264
49.925, 9.0899, 0.703969
49.95, 8.99356, 0.702947
49.975, 8.89998, 0.702691
50, 8.80949, 0.703202
50.025, 8.71488, 0.715091
50.05, 8.61562, 0.728002
50.075, 8.52827, 0.761366
50.1, 8.45323, 0.76878
50.125, 8.39503, 0.785015
50.15, 8.35283, 0.787443
50.175, 8.3305, 0.789361
50.2, 8.32779, 0.789361
50.225, 8.33034, 0.789233
50.25, 8.33252, 0.789233
50.275, 8.30288, 0.789233
50.3, 8.24737, 0.789744
50.325, 8.17336, 0.826688
50.35, 8.081, 0.842539
50.375, 8.02778, 0.89316
50.4, 8.02691, 0.909395
50.425, 8.09535, 0.938541
50.45, 8.21997, 0.941609
50.475, 8.36631, 0.941609
50.5, 8.52235, 0.941481
50.525, 8.61053, 0.939435
50.55, 8.64099, 0.938924
50.575, 8.64143, 0.938413
50.6, 8.61185, 0.938796
50.625, 8.59005, 0.950045
50.65, 8.58444, 0.96922
50.675, 8.61471, 1.03096
50.7, 8.67033, 1.04119
50.725, 8.75446, 1.07161
50.75, 8.86766, 1.07634
50.775, 8.9568, 1.07762
50.8, 9.01793, 1.07852
50.825, 9.05218, 1.0821
50.85, 9.06573, 1.08222
50.875, 9.0735, 1.09756
50.9, 9.07747, 1.10638
50.925, 9.09101, 1.14192
50.95, 9.12169, 1.15355
50.975, 9.17064, 1.20047
51, 9.2306, 1.21363
51.025, 9.29179, 1.25595
51.05, 9.35829, 1.26668
51.075, 9.43642, 1.28343
51.1, 9.51587, 1.28509
51.125, 9.59631, 1.28778
51.15, 9.68113, 1.28829
51.175, 9.77034, 1.28842
51.2, 9.8613, 1.28842
51.225, 9.94904, 1.28854
51.25, 10.0357, 1.28893
51.275, 10.1025, 1.31194
51.3, 10.1482, 1.32677
51.325, 10.1905, 1.36716
51.35, 10.2349, 1.37445
51.375, 10.2866, 1.39401
51.4, 10.3433, 1.39579
51.425, 10.4071, 1.39592
51.45, 10.474, 1.39592
51.475, 10.5394, 1.39567
51.5, 10.6058, 1.39554
51.525, 10.676, 1.39528
51.55, 10.7526, 1.39528
51.575, 10.849, 1.39528
51.6, 10.962, 1.39528
51.625, 11.0763, 1.39554
51.65, 11.1916, 1.39554
51.675, 11.2676, 1.39554
51.7, 11.3024, 1.39541
51.725, 11.3144, 1.3949
51.75, 11.3074, 1.39452
51.775, 11.3112, 1.37483
51.8, 11.3367, 1.36869
51.825, 11.4271, 1.3338
51.85, 11.5731, 1.32434
51.875, 11.7235, 1.29084
51.9, 11.8726, 1.28471
51.925, 11.981, 1.26272
51.95, 12.0458, 1.25965
51.975, 12.0572, 1.24559
52, 12.0239, 1.24035
52.025, 11.9777, 1.2144
52.05, 11.919, 1.20405
52.075, 11.8907, 1.16915
52.1, 11.8917, 1.1478
52.125, 11.8872, 1.09207
52.15, 11.8842, 1.08184
52.175, 11.8689, 1.05039
52.2, 11.8282, 1.04515
52.225, 11.7495, 1.03914
52.25, 11.6415, 1.03927
52.275, 11.5377, 1.03914
52.3, 11.4371, 1.0394
52.325, 11.3409, 1.03761
52.35, 11.2504, 1.02981
52.375, 11.174, 0.996321
52.4, 11.1043, 0.983665
52.425, 11.0361, 0.937262
52.45, 10.9714, 0.928825
52.475, 10.8935, 0.902364
52.5, 10.8087, 0.896228
52.525, 10.7175, 0.892777
52.55, 10.6203, 0.892393
52.575, 10.5308, 0.892393
52.6, 10.4464, 0.892265
52.625, 10.3648, 0.89201
52.65, 10.2871, 0.890348
52.675, 10.2233, 0.859157
52.7, 10.17, 0.845479
52.725, 10.1092, 0.802272
52.75, 10.0463, 0.792429
52.775, 9.98164, 0.764817
52.8, 9.91278, 0.76111
52.825, 9.82533, 0.755869
52.85, 9.7219, 0.755486
52.875, 9.61912, 0.758042
52.9, 9.51526, 0.759832
52.925, 9.4111, 0.769931
52.95, 9.30617, 0.772359
52.975, 9.23514, 0.772487
53, 9.19904, 0.772359
53.025, 9.17762, 0.762261
53.05, 9.16871, 0.754079
53.075, 9.14536, 0.727107
53.1, 9.09998, 0.720204
53.125, 9.01388, 0.719054
53.15, 8.89735, 0.719437
53.175, 8.77943, 0.736694
53.2, 8.65507, 0.74462
53.225, 8.59189, 0.785398
53.25, 8.60058, 0.791278
53.275, 8.6525, 0.793452
53.3, 8.73433, 0.793324
53.325, 8.79997, 0.791023
53.35, 8.84412, 0.787316
53.375, 8.83978, 0.764945
53.4, 8.78808, 0.764434
53.425, 8.71451, 0.764817
53.45, 8.6321, 0.768524
53.475, 8.562, 0.801505
53.5, 8.50483, 0.816206
53.525, 8.478, 0.861842
53.55, 8.47444, 0.874113
53.575, 8.47667, 0.891243
53.6, 8.49268, 0.891499
53.625, 8.4945, 0.892777
53.65, 8.47111, 0.898401
53.675, 8.4452, 0.908244
53.7, 8.42056, 0.909906
53.725, 8.38761, 0.926652
53.75, 8.34894, 0.944037
53.775, 8.31948, 1.0031
53.8, 8.29634, 1.02061
53.825, 8.28261, 1.06624
53.85, 8.2798, 1.08452
53.875, 8.29859, 1.13515
53.9, 8.34476, 1.14371
53.925, 8.41965, 1.15816
53.95, 8.50723, 1.15943
53.975, 8.58907, 1.16301
54, 8.67546, 1.16391
54.025, 8.75909, 1.16877
54.05, 8.83889, 1.17056
54.075, 8.90626, 1.2052
54.1, 8.95889, 1.21581
54.125, 9.03479, 1.26438
54.15, 9.14163, 1.27908
54.175, 9.27302, 1.31475
54.2, 9.41702, 1.31692
54.225, 9.54887, 1.31756
54.25, 9.66746, 1.31782
54.275, 9.75758, 1.31782
54.3, 9.82307, 1.31782
54.325, 9.87682, 1.31769
54.35, 9.92234, 1.31769
54.375, 10.0071, 1.31846
54.4, 10.1333, 1.32012
54.425, 10.2803, 1.3439
54.45, 10.4473, 1.35093
54.475, 10.6301, 1.35821
54.5, 10.8109, 1.35834
54.525, 10.9176, 1.35834
54.55, 10.9656, 1.35834
54.575, 10.9968, 1.35834
54.6, 11.0108, 1.35821
54.625, 11.0418, 1.35796
54.65, 11.0958, 1.35693
54.675, 11.178, 1.35144
54.7, 11.2829, 1.35067
54.725, 11.3928, 1.35016
54.75, 11.5056, 1.35016
54.775, 11.5692, 1.35016
54.8, 11.5854, 1.35029
54.825, 11.5885, 1.35041
54.85, 11.5798, 1.35041
54.875, 11.5718, 1.35003
54.9, 11.5668, 1.34441
54.925, 11.5735, 1.32037
54.95, 11.5921, 1.31015
54.975, 11.613, 1.28036
55, 11.6336, 1.2741
55.025, 11.6298, 1.27052
55.05, 11.6061, 1.26988
55.075, 11.5866, 1.27014
55.1, 11.5672, 1.27014
55.125, 11.5471, 1.27026
55.15, 11.5277, 1.27026
55.175, 11.5149, 1.26144
55.2, 11.5071, 1.2461
55.225, 11.5024, 1.20213
55.25, 11.5035, 1.18104
55.275, 11.5038, 1.14039
55.3, 11.5014, 1.13106
55.325, 11.495, 1.11073
55.35, 11.4833, 1.10689
55.375, 11.4658, 1.09859
55.4, 11.4424, 1.09692
55.425, 11.3947, 1.08734
55.45, 11.325, 1.08286
55.475, 11.2559, 1.06561
55.5, 11.1937, 1.05615
55.525, 11.1369, 1.01434
55.55, 11.0732, 1.00079
55.575, 11.0184, 0.956181
55.6, 10.9826, 0.945827
55.625, 10.9452, 0.910162
55.65, 10.8954, 0.902748
55.675, 10.7993, 0.893927
55.7, 10.6676, 0.893927
55.725, 10.5436, 0.894183
55.75, 10.4202, 0.894183
55.775, 10.3239, 0.894311
55.8, 10.2659, 0.894055
55.825, 10.2615, 0.875008
55.85, 10.3004, 0.851104
55.875, 10.3504, 0.793324
55.9, 10.4123, 0.771209
55.925, 10.3995, 0.719948
55.95, 10.3127, 0.715219
55.975, 10.2055, 0.712918
56, 10.0782, 0.712918
56.025, 9.94362, 0.714324
56.05, 9.8093, 0.71688
56.075, 9.71836, 0.720971
56.1, 9.66356, 0.721099
56.125, 9.61656, 0.720715
56.15, 9.57892, 0.718414
56.175, 9.52873, 0.686968
56.2, 9.45757, 0.67802
56.225, 9.35452, 0.660251
56.25, 9.22967, 0.659867
56.275, 9.10041, 0.660123
56.3, 8.96674, 0.664853
56.325, 8.85714, 0.694765
56.35, 8.76899, 0.702435
56.375, 8.69928, 0.725062
56.4, 8.64931, 0.730942
56.425, 8.60349, 0.734265
56.45, 8.55845, 0.737973
56.475, 8.51218, 0.738484
56.5, 8.46573, 0.738484
56.525, 8.41448, 0.738484
56.55, 8.3584, 0.738484
56.575, 8.30726, 0.742063
56.6, 8.26057, 0.752162
56.625, 8.20615, 0.794602
56.65, 8.14561, 0.816973
56.675, 8.10338, 0.869639
56.7, 8.07834, 0.882806
56.725, 8.07988, 0.90377
56.75, 8.10574, 0.907222
56.775, 8.13717, 0.910162
56.8, 8.17121, 0.91029
56.825, 8.19432, 0.911696
56.85, 8.20679, 0.912591
56.875, 8.19451, 0.937518
56.9, 8.16039, 0.955287
56.925, 8.13915, 1.01
56.95, 8.13797, 1.02674
56.975, 8.1727, 1.0812
57, 8.2394, 1.09756
57.025, 8.33163, 1.1253
57.05, 8.43984, 1.12709
57.075, 8.52741, 1.13093
57.1, 8.60144, 1.13195
57.125, 8.65454, 1.13655
57.15, 8.67968, 1.14128
57.175, 8.69165, 1.16889
57.2, 8.7123, 1.17324
57.225, 8.80536, 1.21747
57.25, 8.96144, 1.22309
57.275, 9.14503, 1.25083
57.3, 9.34112, 1.25812
57.325, 9.50936, 1.26566
57.35, 9.64256, 1.26656
57.375, 9.73512, 1.2718
57.4, 9.80219, 1.27435
57.425, 9.8494, 1.27499
57.45, 9.87553, 1.27512
57.475, 9.93404, 1.27576
57.5, 10.0282, 1.27602
57.525, 10.1278, 1.29072
57.55, 10.2306, 1.29634
57.575, 10.3306, 1.31743
57.6, 10.4276, 1.32587
57.625, 10.5112, 1.34581
57.65, 10.5735, 1.35169
57.675, 10.6287, 1.35399
57.7, 10.6861, 1.35463
57.725, 10.7502, 1.35463
57.75, 10.819, 1.35451
57.775, 10.8871, 1.35438
57.8, 10.9555, 1.35412
57.825, 11.0191, 1.35387
57.85, 11.0767, 1.35387
57.875, 11.1259, 1.35412
57.9, 11.1678, 1.35412
57.925, 11.2055, 1.35451
57.95, 11.2394, 1.35463
57.975, 11.2677, 1.35489
58, 11.2905, 1.35489
58.025, 11.3105, 1.35463
58.05, 11.328, 1.35451
58.075, 11.3501, 1.33686
58.1, 11.382, 1.33213
58.125, 11.4168, 1.30938
58.15, 11.4479, 1.30465
58.175, 11.4714, 1.30222
58.2, 11.4926, 1.30133
58.225, 11.5037, 1.30082
58.25, 11.4984, 1.30082
58.275, 11.4848, 1.30018
58.3, 11.4663, 1.29826
58.325, 11.4508, 1.27065
58.35, 11.4325, 1.25927
58.375, 11.4487, 1.21363
58.4, 11.5025, 1.19638
58.425, 11.5592, 1.15061
58.45, 11.6199, 1.13527
58.475, 11.6504, 1.10562
58.5, 11.6477, 1.09897
58.525, 11.6, 1.09462
58.55, 11.5151, 1.09424
58.575, 11.4205, 1.09386
58.6, 11.3132, 1.09373
58.625, 11.2779, 1.08095
58.65, 11.3202, 1.05845
58.675, 11.4012, 0.997599
58.7, 11.5069, 0.96513
58.725, 11.5954, 0.888686
58.75, 11.6685, 0.86606
58.775, 11.6532, 0.819913
58.8, 11.5524, 0.813777
58.825, 11.4191, 0.810709
58.85, 11.2547, 0.810709
58.875, 11.1021, 0.811348
58.9, 10.9695, 0.811348
58.925, 10.8627, 0.81122
58.95, 10.7775, 0.807385
58.975, 10.709, 0.76878
59, 10.6476, 0.753696
59.025, 10.5516, 0.714068
59.05, 10.4318, 0.703969
59.075, 10.2968, 0.687863
59.1, 10.1482, 0.687479
59.125, 9.9983, 0.688118
59.15, 9.84351, 0.689524
59.175, 9.68797, 0.704992
59.2, 9.53441, 0.712278
59.225, 9.39639, 0.719054
59.25, 9.26998, 0.719565
59.275, 9.14535, 0.719948
59.3, 9.02509, 0.71982
59.325, 8.91826, 0.71982
59.35, 8.82273, 0.719693
59.375, 8.72699, 0.718798
59.4, 8.63226, 0.718798
59.425, 8.53678, 0.720587
59.45, 8.4406, 0.72749
59.475, 8.33813, 0.768397
59.5, 8.23578, 0.781947
59.525, 8.18769, 0.813905
59.55, 8.18512, 0.81889
59.575, 8.20439, 0.820808
59.6, 8.24393, 0.820808
59.625, 8.28325, 0.820552
59.65, 8.31894, 0.820168
59.675, 8.32509, 0.81889
59.7, 8.30484, 0.818762
59.725, 8.2751, 0.819146
59.75, 8.23753, 0.82068
59.775, 8.22082, 0.856984
59.8, 8.23127, 0.868617
59.825, 8.29145, 0.893672
59.85, 8.39626, 0.898785
59.875, 8.51717, 0.902748
59.9, 8.63707, 0.902748
59.925, 8.68819, 0.90262
59.95, 8.68413, 0.90262
59.975, 8.6649, 0.902748
60, 8.63271, 0.902748
60.025, 8.6277, 0.920261
60.05, 8.65245, 0.932149
60.075, 8.71818, 0.972672
60.1, 8.82729, 0.98277
60.125, 8.96352, 1.01319
60.15, 9.12384, 1.01895
60.175, 9.22316, 1.0224
60.2, 9.24886, 1.02278
60.225, 9.23941, 1.02802
60.25, 9.20773, 1.03071
60.275, 9.17589, 1.04656
60.3, 9.14145, 1.0518
60.325, 9.11212, 1.07992
60.35, 9.08665, 1.09462
60.375, 9.07998, 1.14639
60.4, 9.09925, 1.16276
60.425, 9.12148, 1.213
60.45, 9.14239, 1.23281
60.475, 9.17715, 1.2732
60.5, 9.21973, 1.2796
60.525, 9.26852, 1.29417
60.55, 9.3281, 1.29673
60.575, 9.3982, 1.29877
60.6, 9.47584, 1.29928
60.625, 9.54995, 1.30273
60.65, 9.62361, 1.3081
60.675, 9.70026, 1.33392
60.7, 9.77903, 1.34684
60.725, 9.86566, 1.37777
60.75, 9.96222, 1.38736
60.775, 10.0706, 1.40704
60.8, 10.1826, 1.41062
60.825, 10.271, 1.41139
60.85, 10.3429, 1.41139
60.875, 10.4179, 1.41139
60.9, 10.4931, 1.41139
60.925, 10.5678, 1.41088
60.95, 10.6462, 1.41037
60.975, 10.733, 1.4105
61, 10.826, 1.4105
61.025, 10.9211, 1.41062
61.05, 11.0171, 1.41062
61.075, 11.0965, 1.41062
61.1, 11.1589, 1.41075
61.125, 11.2111, 1.41062
61.15, 11.2548, 1.41062
61.175, 11.3023, 1.4064
61.2, 11.3578, 1.39554
61.225, 11.4338, 1.3554
61.25, 11.5243, 1.3439
61.275, 11.6078, 1.31232
61.3, 11.6881, 1.30401
61.325, 11.7297, 1.29391
61.35, 11.7346, 1.2934
61.375, 11.7251, 1.29302
61.4, 11.698, 1.29302
61.425, 11.6635, 1.29136
61.45, 11.6328, 1.28957
61.475, 11.6871, 1.25301
61.5, 11.8101, 1.23102
61.525, 11.9328, 1.15726
61.55, 12.0522, 1.13476
61.575, 12.127, 1.0757
61.6, 12.1608, 1.05678
61.625, 12.1293, 1.02738
61.65, 12.042, 1.02547
61.675, 11.939, 1.02534
61.7, 11.8193, 1.02547
61.725, 11.7342, 1.02547
61.75, 11.6827, 1.02265
61.775, 11.6609, 0.988139
61.8, 11.6653, 0.974589
61.825, 11.6467, 0.909778
61.85, 11.6008, 0.892905
61.875, 11.5319, 0.846885
61.9, 11.4404, 0.833079
61.925, 11.327, 0.816461
61.95, 11.2054, 0.81595
61.975, 11.0888, 0.816078
62, 10.9713, 0.816333
62.025, 10.8498, 0.816717
62.05, 10.7254, 0.816717
62.075, 10.6066, 0.816206
62.1, 10.4897, 0.811604
62.125, 10.378, 0.781435
62.15, 10.2698, 0.77351
62.175, 10.1581, 0.746282
62.2, 10.0477, 0.740146
62.225, 9.92196, 0.730047
62.25, 9.77625, 0.729024
62.275, 9.6301, 0.729791
62.3, 9.48985, 0.731325
62.325, 9.34229, 0.750884
62.35, 9.18999, 0.758042
62.375, 9.06121, 0.770953
62.4, 8.95066, 0.772615
62.425, 8.85087, 0.772615
62.45, 8.76205, 0.772615
62.475, 8.68414, 0.771976
62.5, 8.61492, 0.771465
62.525, 8.54443, 0.770953
62.55, 8.47349, 0.770953
62.575, 8.40917, 0.771976
62.6, 8.35116, 0.780285
62.625, 8.33818, 0.810325
62.65, 8.37241, 0.816589
62.675, 8.43912, 0.827327
62.7, 8.52917, 0.827455
62.725, 8.57799, 0.827071
62.75, 8.58638, 0.826688
62.775, 8.56534, 0.819529
62.8, 8.51995, 0.818762
62.825, 8.46191, 0.818507
62.85, 8.39108, 0.818634
62.875, 8.3564, 0.826816
62.9, 8.36145, 0.835508
62.925, 8.39943, 0.875264
62.95, 8.46702, 0.884851
62.975, 8.54765, 0.891882
63, 8.62923, 0.892521
63.025, 8.65244, 0.897123
63.05, 8.62963, 0.903515
63.075, 8.60234, 0.911952
63.1, 8.56564, 0.912207
63.125, 8.54975, 0.919238
63.15, 8.56562, 0.929848
63.175, 8.60412, 0.955926
63.2, 8.65856, 0.967558
63.225, 8.70911, 1.00731
63.25, 8.7533, 1.02585
63.275, 8.80314, 1.06279
63.3, 8.86177, 1.07506
63.325, 8.91827, 1.08619
63.35, 8.96787, 1.09002
63.375, 9.01138, 1.09386
63.4, 9.04985, 1.09565
63.425, 9.07425, 1.10101
63.45, 9.08917, 1.10434
63.475, 9.09994, 1.12978
63.5, 9.10555, 1.14818
63.525, 9.1243, 1.19293
63.55, 9.15897, 1.21057
63.575, 9.20341, 1.25607
63.6, 9.25495, 1.27397
63.625, 9.31959, 1.30158
63.65, 9.39083, 1.30925
63.675, 9.45079, 1.30989
63.7, 9.50563, 1.31002
63.725, 9.5656, 1.31015
63.75, 9.62825, 1.31028
63.775, 9.69639, 1.31091
63.8, 9.77144, 1.31258
63.825, 9.83186, 1.34671
63.85, 9.8786, 1.36064
63.875, 9.93549, 1.3981
63.9, 9.99864, 1.40819
63.925, 10.0475, 1.44002
63.95, 10.0864, 1.44322
63.975, 10.1383, 1.44782
64, 10.1993, 1.44782
64.025, 10.2925, 1.44782
64.05, 10.4207, 1.44782
64.075, 10.5673, 1.44642
64.1, 10.7303, 1.44514
64.125, 10.8959, 1.4413
64.15, 11.0534, 1.44015
64.175, 11.1557, 1.43926
64.2, 11.2113, 1.43926
64.225, 11.2507, 1.43939
64.25, 11.2768, 1.43939
64.275, 11.3362, 1.43939
64.3, 11.4347, 1.43542
64.325, 11.5852, 1.39349
64.35, 11.7745, 1.37036
64.375, 11.9464, 1.3136
64.4, 12.109, 1.29187
64.425, 12.193, 1.24483
64.45, 12.1958, 1.23997
64.475, 12.1704, 1.23869
64.5, 12.1233, 1.23843
64.525, 12.0746, 1.23818
64.55, 12.0209, 1.23805
64.575, 11.9787, 1.23626
64.6, 11.9502, 1.23064
64.625, 11.9378, 1.18513
64.65, 11.9381, 1.17004
64.675, 11.9236, 1.11099
64.7, 11.8927, 1.09884
64.725, 11.8433, 1.07174
64.75, 11.779, 1.06561
64.775, 11.6963, 1.06088
64.8, 11.5963, 1.06088
64.825, 11.5165, 1.06075
64.85, 11.4547, 1.06049
64.875, 11.3908, 1.05781
64.9, 11.3278, 1.05193
64.925, 11.2853, 1.01243
64.95, 11.2584, 0.999644
64.975, 11.2321, 0.940458
65, 11.2125, 0.924607
65.025, 11.1773, 0.880121
65.05, 11.1125, 0.870278
65.075, 11.009, 0.860691
65.1, 10.883, 0.86018
65.125, 10.7533, 0.860308
65.15, 10.6124, 0.860435
65.175, 10.4784, 0.861202
65.2, 10.3577, 0.861458
65.225, 10.2471, 0.86133
65.25, 10.1433, 0.860308
65.275, 10.0529, 0.839215
65.3, 9.97792, 0.827583
65.325, 9.89558, 0.793324
65.35, 9.80019, 0.785909
65.375, 9.68335, 0.780796
65.4, 9.55172, 0.781052
65.425, 9.46213, 0.784759
65.45, 9.41592, 0.785782
65.475, 9.42173, 0.789617
65.5, 9.47604, 0.789872
65.525, 9.55526, 0.783353
65.55, 9.65549, 0.770442
65.575, 9.69498, 0.715474
65.6, 9.66815, 0.70218
65.625, 9.58726, 0.673162
65.65, 9.4691, 0.669071
65.675, 9.34793, 0.667921
65.7, 9.21974, 0.668304
65.725, 9.13341, 0.68096
65.75, 9.08617, 0.68684
65.775, 9.05733, 0.704992
65.8, 9.046, 0.709977
65.825, 9.01375, 0.711767
65.85, 8.95406, 0.713045
65.875, 8.86971, 0.713301
65.9, 8.76631, 0.713429
65.925, 8.65966, 0.714196
65.95, 8.55212, 0.714707
65.975, 8.45592, 0.731581
66, 8.36831, 0.744236
66.025, 8.28961, 0.781435
66.05, 8.22256, 0.799843
66.075, 8.16756, 0.84957
66.1, 8.11987, 0.868233
66.125, 8.08671, 0.906455
66.15, 8.07199, 0.911824
66.175, 8.0714, 0.924735
66.2, 8.07646, 0.930232
66.225, 8.09858, 0.933555
66.25, 8.13938, 0.934961
66.275, 8.1699, 0.936367
66.3, 8.19527, 0.945316
66.325, 8.21697, 0.981876
66.35, 8.23394, 0.999133
66.375, 8.24838, 1.04733
66.4, 8.26115, 1.06382
66.425, 8.2806, 1.1083
66.45, 8.30765, 1.12402
66.475, 8.34483, 1.14793
66.5, 8.38338, 1.15419
66.525, 8.41468, 1.15905
66.55, 8.44518, 1.16161
66.575, 8.482, 1.17081
66.6, 8.53434, 1.18053
66.625, 8.61462, 1.20392
66.65, 8.70805, 1.21325
66.675, 8.79449, 1.25659
66.7, 8.88768, 1.27256
66.725, 8.97389, 1.30925
66.75, 9.03907, 1.3191
66.775, 9.09912, 1.34747
66.8, 9.15892, 1.35335
66.825, 9.22092, 1.35617
66.85, 9.29575, 1.35719
66.875, 9.44791, 1.35757
66.9, 9.66484, 1.35757
66.925, 9.89168, 1.35745
66.95, 10.1275, 1.35745
66.975, 10.3276, 1.35745
67, 10.4853, 1.35745
67.025, 10.5928, 1.35757
67.05, 10.6571, 1.35821
67.075, 10.7009, 1.36205
67.1, 10.7272, 1.36307
67.125, 10.7968, 1.3655
67.15, 10.9121, 1.36563
67.175, 11.0517, 1.36524
67.2, 11.2112, 1.36435
67.225, 11.3511, 1.34351
67.25, 11.4684, 1.33623
67.275, 11.5382, 1.33009
67.3, 11.5651, 1.32983
67.325, 11.5812, 1.33009
67.35, 11.5882, 1.33034
67.375, 11.5932, 1.33073
67.4, 11.5965, 1.33073
67.425, 11.6042, 1.33073
67.45, 11.6157, 1.33047
67.475, 11.6257, 1.31526
67.5, 11.6366, 1.30644
67.525, 11.6453, 1.27845
67.55, 11.6426, 1.27103
67.575, 11.6156, 1.2585
67.6, 11.5771, 1.25786
67.625, 11.5502, 1.25799
67.65, 11.5297, 1.25812
67.675, 11.5085, 1.25825
67.7, 11.4893, 1.25825
67.725, 11.4754, 1.25723
67.75, 11.4624, 1.25237
67.775, 11.4504, 1.2176
67.8, 11.4399, 1.20047
67.825, 11.4172, 1.1533
67.85, 11.3832, 1.14115
67.875, 11.3377, 1.123
67.9, 11.28, 1.11827
67.925, 11.2192, 1.11814
67.95, 11.1583, 1.11814
67.975, 11.0962, 1.1184
68, 11.0381, 1.11853
68.025, 11.0253, 1.11802
68.05, 11.0528, 1.10702
68.075, 11.1034, 1.06088
68.1, 11.1705, 1.03889
68.125, 11.201, 0.967942
68.15, 11.1863, 0.950685
68.175, 11.1172, 0.905943
68.2, 11.013, 0.902364
68.225, 10.8892, 0.899552
68.25, 10.7485, 0.899424
68.275, 10.6895, 0.900319
68.3, 10.7052, 0.900191
68.325, 10.75, 0.890732
68.35, 10.8264, 0.876926
68.375, 10.8858, 0.81889
68.4, 10.9109, 0.797798
68.425, 10.8748, 0.732092
68.45, 10.7836, 0.721482
68.475, 10.6531, 0.689524
68.5, 10.4932, 0.686712
68.525, 10.3428, 0.686456
68.55, 10.2076, 0.686712
68.575, 10.096, 0.690164
68.6, 10.0013, 0.693104
68.625, 9.91294, 0.695532
68.65, 9.82792, 0.697322
68.675, 9.71217, 0.697194
68.7, 9.56816, 0.697194
68.725, 9.41825, 0.69566
68.75, 9.26516, 0.694893
68.775, 9.12735, 0.693104
68.8, 9.00626, 0.692848
68.825, 8.90254, 0.692848
68.85, 8.81339, 0.693615
68.875, 8.72859, 0.708316
68.9, 8.64695, 0.717008
68.925, 8.55808, 0.750884
68.95, 8.465, 0.759576
68.975, 8.38988, 0.780413
69, 8.32866, 0.783736
69.025, 8.27312, 0.786293
69.05, 8.22443, 0.786421
69.075, 8.17763, 0.786804
69.1, 8.13189, 0.786804
69.125, 8.08985, 0.790639
69.15, 8.05205, 0.799715
69.175, 8.00878, 0.850465
69.2, 7.96225, 0.865932
69.225, 7.93483, 0.912719
69.25, 7.92532, 0.928825
69.275, 7.92799, 0.965385
69.3, 7.94297, 0.97216
69.325, 7.97502, 0.978296
69.35, 8.02087, 0.981876
69.375, 8.06034, 0.987628
69.4, 8.09593, 0.988651
69.425, 8.16613, 0.998238
69.45, 8.27071, 1.00271
69.475, 8.39043, 1.02521
69.5, 8.52285, 1.03071
69.525, 8.65661, 1.05998
69.55, 8.77531, 1.06714
69.575, 8.83871, 1.0835
69.6, 8.85829, 1.0982
69.625, 8.86886, 1.12428
69.65, 8.87087, 1.12952
69.675, 8.90278, 1.13323
69.7, 8.97264, 1.13387
69.725, 9.0869, 1.13834
69.75, 9.24388, 1.13949
69.775, 9.41125, 1.14269
69.8, 9.58534, 1.14486
69.825, 9.68581, 1.16723
69.85, 9.7148, 1.17554
69.875, 9.72432, 1.23076
69.9, 9.71703, 1.23856
69.925, 9.73767, 1.26553
69.95, 9.78851, 1.26899
69.975, 9.87761, 1.27014
70, 9.9948, 1.27001
70.025, 10.1197, 1.26988
70.05, 10.2568, 1.26988
70.075, 10.3542, 1.26988
70.1, 10.4094, 1.27001
70.125, 10.446, 1.27372
70.15, 10.4672, 1.28969
70.175, 10.4844, 1.3306
70.2, 10.4988, 1.3407
70.225, 10.5494, 1.35834
70.25, 10.6357, 1.36128
70.275, 10.7123, 1.36128
70.3, 10.7761, 1.36128
70.325, 10.8333, 1.36064
70.35, 10.8846, 1.36039
70.375, 10.9212, 1.35936
70.4, 10.9441, 1.35885
70.425, 10.9661, 1.3586
70.45, 10.9887, 1.3586
70.475, 11.0164, 1.36051
70.5, 11.049, 1.36205
70.525, 11.0841, 1.36345
70.55, 11.1203, 1.36358
70.575, 11.1644, 1.36358
70.6, 11.2188, 1.36333
70.625, 11.2782, 1.35297
70.65, 11.3414, 1.3439
70.675, 11.4043, 1.31373
70.7, 11.4677, 1.30567
70.725, 11.503, 1.28816
70.75, 11.5055, 1.2879
70.775, 11.5128, 1.28803
70.8, 11.5268, 1.28803
70.825, 11.5328, 1.28765
70.85, 11.5368, 1.28752
70.875, 11.5675, 1.2709
70.9, 11.6237, 1.25518
70.925, 11.6786, 1.19689
70.95, 11.7241, 1.17465
70.975, 11.7165, 1.12888
71, 11.6635, 1.11495
71.025, 11.5948, 1.08734
71.05, 11.5078, 1.08567
71.075, 11.4301, 1.08555
71.1, 11.3754, 1.08555
71.125, 11.3879, 1.08555
71.15, 11.455, 1.0821
71.175, 11.5577, 1.03365
71.2, 11.69, 1.01959
71.225, 11.7522, 0.943654
71.25, 11.7419, 0.919877
71.275, 11.6762, 0.855833
71.3, 11.5585, 0.844201
71.325, 11.4079, 0.82541
71.35, 11.2377, 0.822597
71.375, 11.0966, 0.820808
71.4, 10.9822, 0.820935
71.425, 10.8886, 0.821319
71.45, 10.8104, 0.821447
71.475, 10.727, 0.820296
71.5, 10.6371, 0.818762
71.525, 10.5421, 0.795497
71.55, 10.4401, 0.785782
71.575, 10.3311, 0.750372
71.6, 10.2193, 0.7381
71.625, 10.102, 0.713301
71.65, 9.97899, 0.709594
71.675, 9.8449, 0.709083
71.7, 9.70222, 0.70921
71.725, 9.56284, 0.718542
71.75, 9.42197, 0.72634
71.775, 9.27846, 0.742319
71.8, 9.13415, 0.746409
71.825, 8.99565, 0.750756
71.85, 8.86757, 0.750884
71.875, 8.76696, 0.750884
71.9, 8.68808, 0.750756
71.925, 8.61622, 0.7505
71.95, 8.55299, 0.750628
71.975, 8.50163, 0.750756
72, 8.46082, 0.751139
72.025, 8.41614, 0.768652
72.05, 8.36511, 0.785654
72.075, 8.35145, 0.808152
72.1, 8.37601, 0.814288
72.125, 8.36938, 0.815183
72.15, 8.32965, 0.815822
72.175, 8.28235, 0.816333
72.2, 8.22858, 0.816461
72.225, 8.17279, 0.817867
72.25, 8.12607, 0.818379
72.275, 8.12529, 0.841261
72.3, 8.16527, 0.844712
72.325, 8.22575, 0.872835
72.35, 8.30425, 0.878332
72.375, 8.37453, 0.903387
72.4, 8.4287, 0.909011
72.425, 8.45315, 0.921922
72.45, 8.45153, 0.928698
72.475, 8.44317, 0.934833
72.5, 8.42643, 0.935089
72.525, 8.43514, 0.939052
72.55, 8.47879, 0.939691
72.575, 8.53787, 0.953241
72.6, 8.60578, 0.955287
72.625, 8.6616, 0.994147
72.65, 8.70689, 1.00361
72.675, 8.73606, 1.04643
72.7, 8.74528, 1.06931
72.725, 8.76161, 1.10574
72.75, 8.78055, 1.11444
72.775, 8.80931, 1.13221
72.8, 8.8591, 1.13476
72.825, 8.92231, 1.13617
72.85, 8.99464, 1.13655
72.875, 9.06904, 1.14115
72.9, 9.14226, 1.14473
72.925, 9.19508, 1.17401
72.95, 9.23068, 1.18807
72.975, 9.27041, 1.23831
73, 9.31429, 1.25748
73.025, 9.36945, 1.29417
73.05, 9.43191, 1.3035
73.075, 9.5045, 1.31053
73.1, 9.59331, 1.31104
73.125, 9.6868, 1.31117
73.15, 9.77842, 1.31117
73.175, 9.86289, 1.31117
73.2, 9.94348, 1.31117
73.225, 10.0184, 1.31143
73.25, 10.0878, 1.31411
73.275, 10.1393, 1.35054
73.3, 10.1816, 1.36473
73.325, 10.2442, 1.3995
73.35, 10.3189, 1.40692
73.375, 10.4011, 1.40947
73.4, 10.4872, 1.40973
73.425, 10.5968, 1.40973
73.45, 10.735, 1.40947
73.475, 10.8811, 1.40129
73.5, 11.033, 1.39631
73.525, 11.1629, 1.37713
73.55, 11.2659, 1.3747
73.575, 11.3273, 1.37445
73.6, 11.3526, 1.37457
73.625, 11.3644, 1.37611
73.65, 11.3639, 1.37662
73.675, 11.4189, 1.37726
73.7, 11.5326, 1.37713
73.725, 11.6805, 1.36742
73.75, 11.8573, 1.35195
73.775, 12.033, 1.28317
73.8, 12.1975, 1.26477
73.825, 12.2796, 1.2098
73.85, 12.2921, 1.20149
73.875, 12.2571, 1.1942
73.9, 12.1714, 1.19395
73.925, 12.1018, 1.1942
73.95, 12.0585, 1.1942
73.975, 12.0418, 1.19408
74, 12.0461, 1.19369
74.025, 12.068, 1.17017
74.05, 12.1015, 1.15343
74.075, 12.098, 1.09565
74.1, 12.0535, 1.07468
74.125, 11.976, 1.03851
74.15, 11.8803, 1.03096
74.175, 11.774, 1.0178
74.2, 11.6545, 1.0169
74.225, 11.5392, 1.01716
74.25, 11.4273, 1.01728
74.275, 11.3159, 1.01741
74.3, 11.2059, 1.01754
74.325, 11.1173, 1.01728
74.35, 11.0494, 1.01562
74.375, 11.0038, 0.977657
74.4, 10.9726, 0.964235
74.425, 10.9208, 0.919749
74.45, 10.8534, 0.907094
74.475, 10.774, 0.883573
74.5, 10.6843, 0.880121
74.525, 10.5885, 0.879099
74.55, 10.4895, 0.879227
74.575, 10.4091, 0.879482
74.6, 10.3442, 0.879482
74.625, 10.287, 0.878588
74.65, 10.2376, 0.872579
74.675, 10.195, 0.842667
74.7, 10.1531, 0.824259
74.725, 10.0868, 0.782458
74.75, 9.99771, 0.768397
74.775, 9.89173, 0.754079
74.8, 9.77676, 0.749605
74.825, 9.69156, 0.749861
74.85, 9.64026, 0.749989
74.875, 9.63586, 0.751523
74.9, 9.66777, 0.751523
74.925, 9.70519, 0.751011
74.95, 9.74835, 0.749222
74.975, 9.73356, 0.71394
75, 9.65851, 0.703202
75.025, 9.55614, 0.674824
75.05, 9.42999, 0.670222
75.075, 9.31169, 0.664853
75.1, 9.21234, 0.664597
75.125, 9.16077, 0.664725
75.15, 9.14658, 0.665109
75.175, 9.14236, 0.669327
75.2, 9.14761, 0.671244
75.225, 9.10285, 0.678531
75.25, 9.00539, 0.683772
75.275, 8.89049, 0.691058
75.3, 8.76413, 0.692209
75.325, 8.64295, 0.695405
75.35, 8.5272, 0.6986
75.375, 8.44051, 0.71279
75.4, 8.37999, 0.713685
75.425, 8.32414, 0.739379
75.45, 8.27443, 0.748838
75.475, 8.2147, 0.792685
75.5, 8.14179, 0.809303
75.525, 8.07097, 0.859796
75.55, 8.0075, 0.875392
75.575, 7.96885, 0.908244
75.6, 7.9528, 0.914764
75.625, 7.96023, 0.918471
75.65, 7.98388, 0.921922
75.675, 8.0071, 0.929337
75.7, 8.03505, 0.933044
75.725, 8.0648, 0.956309
75.75, 8.09506, 0.970626
75.775, 8.12213, 1.01128
75.8, 8.14714, 1.02917
75.825, 8.18045, 1.0789
75.85, 8.21677, 1.09373
75.875, 8.27352, 1.13093
75.9, 8.34969, 1.13821
75.925, 8.42799, 1.14128
75.95, 8.51102, 1.14192
75.975, 8.60024, 1.14818
76, 8.69901, 1.14985
76.025, 8.80808, 1.1533
76.05, 8.92622, 1.15713
76.075, 9.0386, 1.18232
76.1, 9.14428, 1.19408
76.125, 9.22139, 1.23703
76.15, 9.26766, 1.25211
76.175, 9.31192, 1.28279
76.2, 9.35378, 1.2957
76.225, 9.41506, 1.31206
76.25, 9.49945, 1.31245
76.275, 9.61264, 1.3127
76.3, 9.75837, 1.31258
76.325, 9.92406, 1.31245
76.35, 10.1026, 1.31219
76.375, 10.2284, 1.31206
76.4, 10.3009, 1.31219
76.425, 10.3465, 1.31258
76.45, 10.3669, 1.31769
76.475, 10.3795, 1.3554
76.5, 10.3951, 1.36486
76.525, 10.4661, 1.37291
76.55, 10.5872, 1.37304
76.575, 10.7237, 1.37291
76.6, 10.8687, 1.37266
76.625, 10.9882, 1.35834
76.65, 11.0803, 1.35489
76.675, 11.1337, 1.34338
76.7, 11.1535, 1.34313
76.725, 11.1643, 1.34364
76.75, 11.1651, 1.34441
76.775, 11.1704, 1.34824
76.8, 11.1855, 1.35233
76.825, 11.2104, 1.35348
76.85, 11.2396, 1.35348
76.875, 11.2611, 1.3531
76.9, 11.2767, 1.35272
76.925, 11.2883, 1.33686
76.95, 11.2945, 1.32715
76.975, 11.2872, 1.31603
77, 11.269, 1.31079
77.025, 11.26, 1.30976
77.05, 11.2627, 1.30989
77.075, 11.2721, 1.30989
77.1, 11.2837, 1.31015
77.125, 11.294, 1.30989
77.15, 11.3033, 1.309
77.175, 11.3124, 1.28969
77.2, 11.3209, 1.27985
77.225, 11.3318, 1.23524
77.25, 11.3432, 1.22079
77.275, 11.3437, 1.18295
77.3, 11.3355, 1.17452
77.325, 11.3233, 1.15726
77.35, 11.3109, 1.15381
77.375, 11.2972, 1.151
77.4, 11.2798, 1.15087
77.425, 11.2666, 1.14486
77.45, 11.2583, 1.13361
77.475, 11.2586, 1.10153
77.5, 11.2657, 1.08056
77.525, 11.243, 1.0169
77.55, 11.1929, 1.00092
77.575, 11.1288, 0.966919
77.6, 11.0513, 0.95567
77.625, 10.9498, 0.936751
77.65, 10.8269, 0.93624
77.675, 10.7748, 0.935089
77.7, 10.7922, 0.93445
77.725, 10.8272, 0.920644
77.75, 10.8759, 0.911696
77.775, 10.9085, 0.85839
77.8, 10.9149, 0.844329
77.825, 10.8691, 0.79294
77.85, 10.7815, 0.77939
77.875, 10.6773, 0.737078
77.9, 10.5579, 0.728385
77.925, 10.4417, 0.711767
77.95, 10.3372, 0.70921
77.975, 10.2532, 0.708699
78, 10.1853, 0.708699
78.025, 10.1087, 0.709466
78.05, 10.0165, 0.709466
78.075, 9.90255, 0.709722
78.1, 9.77048, 0.710489
78.125, 9.63411, 0.710105
78.15, 9.49489, 0.707932
78.175, 9.37757, 0.699112
78.2, 9.28525, 0.694126
78.225, 9.21256, 0.68799
78.25, 9.1556, 0.687096
78.275, 9.10411, 0.687735
78.3, 9.05464, 0.68799
78.325, 8.98393, 0.698728
78.35, 8.89349, 0.708827
78.375, 8.8082, 0.734265
78.4, 8.72585, 0.741168
78.425, 8.64995, 0.745643
78.45, 8.58532, 0.745898
78.475, 8.52701, 0.746537
78.5, 8.47277, 0.746537
78.525, 8.42239, 0.747432
78.55, 8.37666, 0.747816
78.575, 8.3339, 0.774916
78.6, 8.2942, 0.784503
78.625, 8.27107, 0.828733
78.65, 8.26394, 0.844073
78.675, 8.25838, 0.881783
78.7, 8.25456, 0.888686
78.725, 8.25873, 0.895333
78.75, 8.26903, 0.900702
78.775, 8.28347, 0.905304
78.8, 8.29915, 0.907605
78.825, 8.33603, 0.911185
78.85, 8.39988, 0.915275
78.875, 8.47549, 0.934066
78.9, 8.5601, 0.939691
78.925, 8.6401, 0.971649
78.95, 8.70448, 0.980981
78.975, 8.72036, 1.02023
79, 8.70108, 1.03876
79.025, 8.682, 1.07034
79.05, 8.65922, 1.07404
79.075, 8.68536, 1.10127
79.1, 8.76509, 1.10357
79.125, 8.91338, 1.1037
79.15, 9.12688, 1.10357
79.175, 9.35093, 1.10357
79.2, 9.56601, 1.10344
79.225, 9.6923, 1.10357
79.25, 9.74487, 1.10383
79.275, 9.75414, 1.1363
79.3, 9.72248, 1.15215
79.325, 9.71992, 1.19408
79.35, 9.75578, 1.20111
79.375, 9.82549, 1.20392
79.4, 9.91718, 1.20469
79.425, 10.0076, 1.20469
79.45, 10.1004, 1.20469
79.475, 10.173, 1.20469
79.5, 10.2246, 1.20469
79.525, 10.2612, 1.20724
79.55, 10.2845, 1.21491
79.575, 10.2926, 1.25786
79.6, 10.2922, 1.2686
79.625, 10.3075, 1.29877
79.65, 10.3347, 1.3067
79.675, 10.3693, 1.30912
79.7, 10.4101, 1.30912
79.725, 10.446, 1.30925
79.75, 10.4754, 1.30938
79.775, 10.5098, 1.30925
79.8, 10.5498, 1.30925
79.825, 10.5876, 1.30925
79.85, 10.6229, 1.30925
79.875, 10.6591, 1.30989
79.9, 10.6959, 1.31948
79.925, 10.7342, 1.34696
79.95, 10.7732, 1.35067
79.975, 10.8185, 1.35105
80, 10.8693, 1.35105
80.025, 10.9191, 1.3508
80.05, 10.9691, 1.35016
80.075, 11.0189, 1.33162
80.1, 11.0658, 1.32331
80.125, 11.0831, 1.30951
80.15, 11.0766, 1.30887
80.175, 11.0714, 1.30861
80.2, 11.0645, 1.30874
80.225, 11.0865, 1.30925
80.25, 11.1459, 1.30912
80.275, 11.2612, 1.30797
80.3, 11.4226, 1.29327
80.325, 11.6013, 1.23613
80.35, 11.7936, 1.20596
80.375, 11.9054, 1.12096
80.4, 11.9327, 1.09923
80.425, 11.9138, 1.04937
80.45, 11.8573, 1.03927
80.475, 11.7813, 1.02828
80.5, 11.6993, 1.02815
80.525, 11.6706, 1.02815
80.55, 11.6837, 1.02815
80.575, 11.7135, 1.00693
80.6, 11.7587, 0.99811
80.625, 11.7732, 0.943782
80.65, 11.7515, 0.921922
80.675, 11.6866, 0.868489
80.7, 11.5846, 0.854044
80.725, 11.4585, 0.819785
80.75, 11.3139, 0.812626
80.775, 11.1681, 0.806618
80.8, 11.0214, 0.805851
80.825, 10.8869, 0.806363
80.85, 10.76, 0.80649
80.875, 10.6339, 0.806874
80.9, 10.5093, 0.807002
80.925, 10.3891, 0.80649
80.95, 10.2728, 0.80534
80.975, 10.17, 0.778879
81, 10.0805, 0.766735
81.025, 9.97461, 0.738612
81.05, 9.85365, 0.731965
81.075, 9.72689, 0.72455
81.1, 9.59533, 0.724934
81.125, 9.47215, 0.726979
81.15, 9.35228, 0.732476
81.175, 9.24022, 0.751651
81.2, 9.13631, 0.755997
81.225, 9.03771, 0.762516
81.25, 8.94953, 0.7629
81.275, 8.86175, 0.763028
81.3, 8.76995, 0.7629
81.325, 8.67678, 0.762388
81.35, 8.58353, 0.762261
81.375, 8.50482, 0.762261
81.4, 8.44556, 0.762261
81.425, 8.42431, 0.763028
81.45, 8.43581, 0.763667
81.475, 8.45479, 0.781947
81.5, 8.47993, 0.784887
81.525, 8.47359, 0.790895
81.55, 8.43195, 0.795113
81.575, 8.38015, 0.797798
81.6, 8.32136, 0.798565
81.625, 8.26032, 0.80061
81.65, 8.20323, 0.801633
81.675, 8.18283, 0.809558
81.7, 8.19537, 0.815694
81.725, 8.21365, 0.839215
81.75, 8.23932, 0.847908
81.775, 8.25545, 0.877309
81.8, 8.25836, 0.890987
81.825, 8.23332, 0.922945
81.85, 8.17876, 0.934961
81.875, 8.13297, 0.963723
81.9, 8.09746, 0.97216
81.925, 8.1071, 0.978296
81.95, 8.15968, 0.978808
81.975, 8.22286, 0.980214
82, 8.29931, 0.982131
82.025, 8.363, 1.00834
82.05, 8.41554, 1.02048
82.075, 8.466, 1.05218
82.1, 8.50985, 1.06765
82.125, 8.54693, 1.10805
82.15, 8.5822, 1.12594
82.175, 8.6399, 1.14882
82.2, 8.72015, 1.1533
82.225, 8.81405, 1.15764
82.25, 8.9158, 1.15777
82.275, 9.01259, 1.15803
82.3, 9.10563, 1.15803
82.325, 9.19073, 1.16199
82.35, 9.26581, 1.16787
82.375, 9.32797, 1.2098
82.4, 9.38514, 1.22514
82.425, 9.45465, 1.2617
82.45, 9.53369, 1.27512
82.475, 9.61229, 1.29762
82.5, 9.68852, 1.29877
82.525, 9.76371, 1.30209
82.55, 9.83865, 1.30235
82.575, 9.92433, 1.30235
82.6, 10.0175, 1.30235
82.625, 10.1074, 1.30248
82.65, 10.1956, 1.30248
82.675, 10.2631, 1.31079
82.7, 10.3056, 1.31858
82.725, 10.3202, 1.37048
82.75, 10.3202, 1.38161
82.775, 10.3339, 1.40934
82.8, 10.351, 1.41689
82.825, 10.4356, 1.42072
82.85, 10.5951, 1.42072
82.875, 10.7729, 1.41944
82.9, 10.962, 1.41407
82.925, 11.129, 1.38646
82.95, 11.2615, 1.37713
82.975, 11.3385, 1.3655
83, 11.3744, 1.3655
83.025, 11.3896, 1.36588
83.05, 11.3801, 1.36639
83.075, 11.3969, 1.37036
83.1, 11.4475, 1.37087
83.125, 11.522, 1.37074
83.15, 11.6146, 1.36997
83.175, 11.7044, 1.34377
83.2, 11.7895, 1.32383
83.225, 11.8298, 1.27806
83.25, 11.8313, 1.27001
83.275, 11.812, 1.25748
83.3, 11.7643, 1.2562
83.325, 11.7163, 1.25607
83.35, 11.6804, 1.25633
83.375, 11.6516, 1.25671
83.4, 11.622, 1.25671
83.425, 11.5955, 1.25671
83.45, 11.5726, 1.25607
83.475, 11.5451, 1.23102
83.5, 11.5147, 1.21376
83.525, 11.4817, 1.17183
83.55, 11.4436, 1.15982
83.575, 11.3961, 1.13208
83.6, 11.3456, 1.12645
83.625, 11.2948, 1.11981
83.65, 11.2404, 1.11981
83.675, 11.187, 1.11981
83.7, 11.1337, 1.11993
83.725, 11.0914, 1.11891
83.75, 11.0618, 1.1115
83.775, 11.04, 1.08133
83.8, 11.0261, 1.06241
83.825, 11.0124, 1.01332
83.85, 10.9954, 0.996193
83.875, 10.963, 0.956693
83.9, 10.9135, 0.947744
83.925, 10.8541, 0.933299
83.95, 10.7902, 0.932405
83.975, 10.7468, 0.931893
84, 10.726, 0.931766
84.025, 10.7199, 0.925757
84.05, 10.7262, 0.919366
84.075, 10.7322, 0.876926
84.1, 10.7282, 0.861202
84.125, 10.6803, 0.813138
84.15, 10.589, 0.792685
84.175, 10.4723, 0.761877
84.2, 10.337, 0.758298
84.225, 10.2138, 0.75523
84.25, 10.1102, 0.754591
84.275, 10.0416, 0.754719
84.3, 10.0025, 0.754846
84.325, 9.97629, 0.755358
84.35, 9.94964, 0.755358
84.375, 9.87014, 0.75229
84.4, 9.74867, 0.751778
84.425, 9.62215, 0.738356
84.45, 9.494, 0.732987
84.475, 9.36893, 0.719565
84.5, 9.24776, 0.717008
84.525, 9.14031, 0.716753
84.55, 9.04566, 0.717136
84.575, 8.95904, 0.722888
84.6, 8.87884, 0.72928
84.625, 8.79451, 0.756764
84.65, 8.70331, 0.77057
84.675, 8.62218, 0.794219
84.7, 8.55353, 0.797159
84.725, 8.48092, 0.799076
84.75, 8.40356, 0.800227
84.775, 8.34241, 0.802272
84.8, 8.29693, 0.804189
84.825, 8.24757, 0.817867
84.85, 8.19183, 0.823876
84.875, 8.13881, 0.865293
84.9, 8.09765, 0.879866
84.925, 8.08289, 0.927547
84.95, 8.08909, 0.93624
84.975, 8.11157, 0.96807
85, 8.14735, 0.973439
85.025, 8.18894, 0.977529
85.05, 8.2346, 0.97868
85.075, 8.28072, 0.979958
85.1, 8.32898, 0.980086
85.125, 8.38757, 0.981109
85.15, 8.45915, 0.9875
85.175, 8.54431, 1.00629
85.2, 8.64166, 1.01869
85.225, 8.73451, 1.0541
85.25, 8.82063, 1.0619
85.275, 8.88109, 1.0844
85.3, 8.92347, 1.09347
85.325, 8.96428, 1.11035
85.35, 8.9987, 1.11687
85.375, 9.05877, 1.11814
85.4, 9.14127, 1.11827
85.425, 9.24828, 1.1184
85.45, 9.38446, 1.1184
85.475, 9.53058, 1.11853
85.5, 9.67958, 1.11866
85.525, 9.77058, 1.13527
85.55, 9.80201, 1.15406
85.575, 9.8224, 1.19638
85.6, 9.8418, 1.20852
85.625, 9.87537, 1.23166
85.65, 9.92584, 1.23396
85.675, 10.0256, 1.23537
85.7, 10.1709, 1.23537
85.725, 10.3335, 1.23498
85.75, 10.5063, 1.23485
85.775, 10.6284, 1.23076
85.8, 10.6992, 1.23064
85.825, 10.7361, 1.23128
85.85, 10.7414, 1.23268
85.875, 10.734, 1.25288
85.9, 10.7202, 1.26553
85.925, 10.7433, 1.29749
85.95, 10.8017, 1.29928
85.975, 10.8706, 1.29928
86, 10.9433, 1.29928
86.025, 11.0051, 1.2989
86.05, 11.0597, 1.298
86.075, 11.1014, 1.29148
86.1, 11.1319, 1.29072
86.125, 11.1618, 1.29072
86.15, 11.1902, 1.29084
86.175, 11.2119, 1.29174
86.2, 11.2286, 1.292
86.225, 11.2455, 1.29698
86.25, 11.2614, 1.29877
86.275, 11.284, 1.2989
86.3, 11.3104, 1.2989
86.325, 11.3365, 1.29775
86.35, 11.3654, 1.29263
86.375, 11.3983, 1.26259
86.4, 11.4364, 1.25211
86.425, 11.4471, 1.23895
86.45, 11.4338, 1.23856
86.475, 11.4151, 1.23831
86.5, 11.3841, 1.23856
86.525, 11.353, 1.23869
86.55, 11.3282, 1.23882
86.575, 11.3295, 1.23831
86.6, 11.3519, 1.23562
86.625, 11.3928, 1.1905
86.65, 11.4434, 1.17669
86.675, 11.4445, 1.12773
86.7, 11.4011, 1.1152
86.725, 11.3357, 1.09258
86.75, 11.253, 1.09028
86.775, 11.1562, 1.08951
86.8, 11.0581, 1.08977
86.825, 11.0492, 1.09002
86.85, 11.1192, 1.09002
86.875, 11.2146, 1.07238
86.9, 11.3337, 1.05282
86.925, 11.422, 0.977401
86.95, 11.4673, 0.954136
86.975, 11.4452, 0.883062
87, 11.3696, 0.871045
87.025, 11.2633, 0.837809
87.05, 11.1282, 0.833335
87.075, 11.0235, 0.830267
87.1, 10.9474, 0.829628
87.125, 10.8778, 0.82771
87.15, 10.8128, 0.825921
87.175, 10.7405, 0.822597
87.2, 10.658, 0.817612
87.225, 10.5561, 0.787316
87.25, 10.4368, 0.778112
87.275, 10.3053, 0.747304
87.3, 10.1662, 0.737717
87.325, 10.0367, 0.720843
87.35, 9.91414, 0.719054
87.375, 9.79711, 0.718798
87.4, 9.68895, 0.718798
87.425, 9.59218, 0.719693
87.45, 9.50207, 0.721099
87.475, 9.41831, 0.728897
87.5, 9.34376, 0.72928
87.525, 9.27723, 0.729919
87.55, 9.21395, 0.729919
87.575, 9.13864, 0.726468
87.6, 9.05188, 0.723783
87.625, 8.95764, 0.715474
87.65, 8.85873, 0.712534
87.675, 8.76099, 0.712151
87.7, 8.66728, 0.71279
87.725, 8.58253, 0.727235
87.75, 8.50241, 0.733754
87.775, 8.4279, 0.762005
87.8, 8.35849, 0.77057
87.825, 8.29564, 0.790767
87.85, 8.24171, 0.792173
87.875, 8.18455, 0.795497
87.9, 8.12043, 0.797926
87.925, 8.05845, 0.800099
87.95, 7.99975, 0.800866
87.975, 7.98805, 0.824387
88, 8.02668, 0.828733
88.025, 8.09733, 0.856217
88.05, 8.19771, 0.860947
88.075, 8.27782, 0.886897
88.1, 8.32183, 0.892521
88.125, 8.32076, 0.912846
88.15, 8.28829, 0.921283
88.175, 8.25447, 0.939308
88.2, 8.22059, 0.941864
88.225, 8.22398, 0.945955
88.25, 8.27086, 0.947617
88.275, 8.35594, 0.956437
88.3, 8.46882, 0.961295
88.325, 8.56814, 0.979063
88.35, 8.65506, 0.988395
88.375, 8.71213, 1.02291
88.4, 8.74374, 1.04029
88.425, 8.76868, 1.07839
88.45, 8.78411, 1.08798
88.475, 8.81293, 1.10689
88.5, 8.85937, 1.11086
88.525, 8.91258, 1.1161
88.55, 8.96782, 1.11635
88.575, 9.02646, 1.11917
88.6, 9.08858, 1.12415
88.625, 9.14011, 1.15202
88.65, 9.18304, 1.16621
88.675, 9.24825, 1.21427
88.7, 9.33322, 1.22667
88.725, 9.41574, 1.25978
88.75, 9.494, 1.26847
88.775, 9.57234, 1.27857
88.8, 9.65198, 1.28317
88.825, 9.74042, 1.2833
88.85, 9.83357, 1.2833
88.875, 9.91072, 1.2833
88.9, 9.97775, 1.2833
88.925, 10.0386, 1.28369
88.95, 10.0916, 1.28471
88.975, 10.1298, 1.31922
89, 10.1557, 1.32804
89.025, 10.1871, 1.36575
89.05, 10.2268, 1.38122
89.075, 10.2925, 1.38723
89.1, 10.3804, 1.38749
89.125, 10.4814, 1.38749
89.15, 10.596, 1.38749
89.175, 10.7208, 1.38723
89.2, 10.8527, 1.38582
89.225, 10.9757, 1.37036
89.25, 11.0852, 1.36729
89.275, 11.1513, 1.36678
89.3, 11.1776, 1.3669
89.325, 11.1858, 1.36742
89.35, 11.1811, 1.36793
89.375, 11.213, 1.3724
89.4, 11.286, 1.3724
89.425, 11.4025, 1.37202
89.45, 11.5541, 1.36984
89.475, 11.7217, 1.32587
89.5, 11.8921, 1.30209
89.525, 11.9718, 1.24789
89.55, 11.9712, 1.2415
89.575, 11.9351, 1.23434
89.6, 11.869, 1.23422
89.625, 11.811, 1.2346
89.65, 11.7675, 1.23473
89.675, 11.7579, 1.23485
89.7, 11.7777, 1.23485
89.725, 11.8056, 1.22169
89.75, 11.8424, 1.21197
89.775, 11.853, 1.16058
89.8, 11.8256, 1.1455
89.825, 11.7648, 1.10293
89.85, 11.6814, 1.0959
89.875, 11.5877, 1.08746
89.9, 11.488, 1.08644
89.925, 11.4018, 1.08619
89.95, 11.3261, 1.08619
89.975, 11.2548, 1.08631
90, 11.1873, 1.08631
90.025, 11.1211, 1.08273
90.05, 11.0547, 1.0734
90.075, 10.9966, 1.0325
90.1, 10.947, 1.01601
90.125, 10.8928, 0.97395
90.15, 10.8322, 0.958355
90.175, 10.7677, 0.932277
90.2, 10.7027, 0.92972
90.225, 10.6362, 0.924223
90.25, 10.5671, 0.923712
90.275, 10.5051, 0.923584
90.3, 10.4534, 0.923584
90.325, 10.4198, 0.912974
90.35, 10.3998, 0.904537
90.375, 10.3747, 0.865165
90.4, 10.3454, 0.854299
90.425, 10.2927, 0.805084
90.45, 10.2087, 0.790511
90.475, 10.0995, 0.773126
90.5, 9.97243, 0.771337
90.525, 9.86402, 0.770953
90.55, 9.78431, 0.771081
90.575, 9.7502, 0.772232
90.6, 9.75385, 0.772359
90.625, 9.77268, 0.772232
90.65, 9.80402, 0.769675
90.675, 9.7865, 0.746921
90.7, 9.71619, 0.735672
90.725, 9.62393, 0.710872
90.75, 9.51057, 0.703714
90.775, 9.39713, 0.688885
90.8, 9.29483, 0.686329
90.825, 9.24557, 0.685817
90.85, 9.2453, 0.686073
90.875, 9.26211, 0.686712
90.9, 9.29128, 0.687223
90.925, 9.27829, 0.689652
90.95, 9.22081, 0.693104
90.975, 9.13833, 0.69566
91, 9.03329, 0.696555
91.025, 8.92191, 0.69924
91.05, 8.80987, 0.703586
91.075, 8.71939, 0.705248
91.1, 8.64454, 0.706398
91.125, 8.56676, 0.722761
91.15, 8.49252, 0.733243
91.175, 8.4263, 0.780668
91.2, 8.36819, 0.795497
91.225, 8.32121, 0.842155
91.25, 8.28163, 0.856728
91.275, 8.25838, 0.886513
91.3, 8.24919, 0.891499
91.325, 8.24582, 0.892265
91.35, 8.24578, 0.892521
91.375, 8.24111, 0.899552
91.4, 8.23618, 0.902364
91.425, 8.23002, 0.924735
91.45, 8.21978, 0.934961
91.475, 8.20832, 0.98277
91.5, 8.20084, 1.00079
91.525, 8.20202, 1.05448
91.55, 8.20875, 1.07302
91.575, 8.22394, 1.11955
91.6, 8.24545, 1.13144
91.625, 8.27738, 1.15087
91.65, 8.32165, 1.15509
91.675, 8.37645, 1.16442
91.7, 8.44419, 1.16544
91.725, 8.52666, 1.16992
91.75, 8.61829, 1.17273
91.775, 8.70959, 1.21031
91.8, 8.80425, 1.22067
91.825, 8.87819, 1.26387
91.85, 8.92803, 1.28471
91.875, 8.98325, 1.31692
91.9, 9.04212, 1.3283
91.925, 9.11201, 1.35054
91.95, 9.21021, 1.35144
91.975, 9.39337, 1.35156
92, 9.64637, 1.35144
92.025, 9.92362, 1.34837
92.05, 10.2198, 1.34134
92.075, 10.4457, 1.31846
92.1, 10.5998, 1.31807
92.125, 10.7017, 1.31807
92.15, 10.7553, 1.31858
92.175, 10.7809, 1.32689
92.2, 10.7938, 1.33009
92.225, 10.8634, 1.33699
92.25, 10.9761, 1.33725
92.275, 11.0978, 1.33699
92.3, 11.2323, 1.3361
92.325, 11.3539, 1.31552
92.35, 11.4544, 1.30708
92.375, 11.5159, 1.28765
92.4, 11.5429, 1.2856
92.425, 11.5528, 1.28573
92.45, 11.5468, 1.28599
92.475, 11.5333, 1.28752
92.5, 11.5136, 1.28969
92.525, 11.5005, 1.29378
92.55, 11.492, 1.29391
92.575, 11.4833, 1.29391
92.6, 11.48, 1.29391
92.625, 11.4849, 1.28957
92.65, 11.4939, 1.28062
92.675, 11.502, 1.2562
92.7, 11.5107, 1.24968
92.725, 11.5048, 1.24572
92.75, 11.4872, 1.24534
92.775, 11.473, 1.24546
92.8, 11.4558, 1.24559
92.825, 11.4335, 1.24572
92.85, 11.4104, 1.24572
92.875, 11.3882, 1.24163
92.9, 11.3661, 1.2291
92.925, 11.3456, 1.18999
92.95, 11.3258, 1.17426
92.975, 11.2972, 1.13387
93, 11.2586, 1.12569
93.025, 11.2023, 1.11827
93.05, 11.1317, 1.11674
93.075, 11.0606, 1.11699
93.1, 10.9906, 1.11712
93.125, 10.9664, 1.11725
93.15, 10.9869, 1.11687
93.175, 11.0365, 1.09181
93.2, 11.1147, 1.07289
93.225, 11.1647, 1.00731
93.25, 11.1726, 0.984688
93.275, 11.1327, 0.930359
93.3, 11.0565, 0.920005
93.325, 10.9496, 0.895333
93.35, 10.8206, 0.894439
93.375, 10.7427, 0.894311
93.4, 10.7109, 0.894311
93.425, 10.7103, 0.891754
93.45, 10.7403, 0.887791
93.475, 10.7703, 0.852382
93.5, 10.7881, 0.840621
93.525, 10.7548, 0.793452
93.55, 10.6785, 0.774788
93.575, 10.5719, 0.739507
93.6, 10.437, 0.728513
93.625, 10.2932, 0.708443
93.65, 10.1472, 0.708188
93.675, 10.0117, 0.708188
93.7, 9.88482, 0.709083
93.725, 9.75531, 0.715346
93.75, 9.62359, 0.720076
93.775, 9.49366, 0.730431
93.8, 9.36226, 0.73107
93.825, 9.23118, 0.731453
93.85, 9.1038, 0.731581
93.875, 8.98581, 0.731325
93.9, 8.87455, 0.731198
93.925, 8.76701, 0.730686
93.95, 8.66496, 0.730814
93.975, 8.56936, 0.731453
94, 8.4789, 0.736694
94.025, 8.39603, 0.772104
94.05, 8.32524, 0.784759
94.075, 8.28157, 0.816206
94.1, 8.25857, 0.821191
94.125, 8.24888, 0.824898
94.15, 8.25065, 0.825026
94.175, 8.24061, 0.825154
94.2, 8.22205, 0.825154
94.225, 8.20317, 0.825154
94.25, 8.18253, 0.825154
94.275, 8.18484, 0.825921
94.3, 8.21192, 0.831673
94.325, 8.24671, 0.865549
94.35, 8.29004, 0.873858
94.375, 8.32735, 0.89789
94.4, 8.35236, 0.908372
94.425, 8.37103, 0.923329
94.45, 8.38293, 0.927675
94.475, 8.37791, 0.931893
94.5, 8.35947, 0.935089
94.525, 8.39218, 0.944549
94.55, 8.47988, 0.944677
94.575, 8.59525, 0.945699
94.6, 8.73524, 0.94621
94.625, 8.87352, 0.967558
94.65, 8.99384, 0.975612
94.675, 9.04292, 1.00629
94.7, 9.03912, 1.02317
94.725, 9.0294, 1.05704
94.75, 9.01065, 1.06714
94.775, 9.01501, 1.07954
94.8, 9.04477, 1.08222
94.825, 9.10575, 1.08478
94.85, 9.19425, 1.08504
94.875, 9.28405, 1.09411
94.9, 9.37336, 1.09667
94.925, 9.42466, 1.12249
94.95, 9.44224, 1.13962
94.975, 9.45164, 1.18398
95, 9.45571, 1.20392
95.025, 9.46543, 1.24061
95.05, 9.4815, 1.25365
95.075, 9.5168, 1.27052
95.1, 9.56256, 1.27078
95.125, 9.59951, 1.27231
95.15, 9.63636, 1.27346
95.175, 9.68581, 1.27781
95.2, 9.7426, 1.28228
95.225, 9.80223, 1.31104
95.25, 9.86505, 1.31616
95.275, 9.927, 1.35284
95.3, 9.9869, 1.36396
95.325, 10.0431, 1.3949
95.35, 10.0935, 1.40193
95.375, 10.147, 1.41075
95.4, 10.2061, 1.41228
95.425, 10.2851, 1.41241
95.45, 10.3863, 1.41228
95.475, 10.4975, 1.41203
95.5, 10.6157, 1.41177
95.525, 10.7324, 1.40973
95.55, 10.8428, 1.40973
95.575, 10.921, 1.40934
95.6, 10.9712, 1.40947
95.625, 11.0096, 1.40973
95.65, 11.0384, 1.40986
95.675, 11.0914, 1.41011
95.7, 11.1726, 1.41011
95.725, 11.2817, 1.40756
95.75, 11.4148, 1.39656
95.775, 11.5534, 1.35425
95.8, 11.6959, 1.33201
95.825, 11.7717, 1.28829
95.85, 11.7865, 1.28343
95.875, 11.7808, 1.27729
95.9, 11.7471, 1.27691
95.925, 11.7082, 1.27678
95.95, 11.6764, 1.27691
95.975, 11.7022, 1.27666
96, 11.7772, 1.27359
96.025, 11.8749, 1.22182
96.05, 11.9893, 1.20341
96.075, 12.0454, 1.13412
96.1, 12.0412, 1.11431
96.125, 11.9912, 1.07481
96.15, 11.9089, 1.06816
96.175, 11.8182, 1.05909
96.2, 11.7191, 1.05768
96.225, 11.6298, 1.05653
96.25, 11.5496, 1.0564
96.275, 11.4794, 1.05538
96.3, 11.417, 1.05231
96.325, 11.3649, 1.02342
96.35, 11.3244, 1.01332
96.375, 11.2784, 0.964107
96.4, 11.2202, 0.947617
96.425, 11.1499, 0.904154
96.45, 11.0738, 0.89316
96.475, 10.9917, 0.876287
96.5, 10.8987, 0.872452
96.525, 10.7907, 0.872196
96.55, 10.6758, 0.872324
96.575, 10.5706, 0.872452
96.6, 10.4711, 0.872452
96.625, 10.3754, 0.871301
96.65, 10.2854, 0.866443
96.675, 10.21, 0.838448
96.7, 10.1466, 0.822086
96.725, 10.0641, 0.782969
96.75, 9.96363, 0.775683
96.775, 9.8554, 0.762133
96.8, 9.74343, 0.760982
96.825, 9.64009, 0.761238
96.85, 9.54594, 0.761877
96.875, 9.4737, 0.767502
96.9, 9.41864, 0.769675
96.925, 9.37139, 0.77172
96.95, 9.33206, 0.772232
96.975, 9.28537, 0.771337
97, 9.22877, 0.769675
97.025, 9.16761, 0.753696
97.05, 9.10431, 0.746282
97.075, 9.03044, 0.736055
97.1, 8.95066, 0.73516
97.125, 8.90039, 0.735672
97.15, 8.875, 0.736183
97.175, 8.84988, 0.749094
97.2, 8.8255, 0.754974
97.225, 8.78596, 0.763667
97.25, 8.72591, 0.769547
97.275, 8.64758, 0.775683
97.3, 8.55574, 0.776322
97.325, 8.46302, 0.77824
97.35, 8.3697, 0.77939
97.375, 8.3346, 0.789233
97.4, 8.35998, 0.790767
97.425, 8.41803, 0.80061
97.45, 8.5052, 0.804189
97.475, 8.55787, 0.823109
97.5, 8.56383, 0.835636
97.525, 8.53169, 0.865932
97.55, 8.47771, 0.8814
97.575, 8.42977, 0.905943
97.6, 8.3832, 0.912079
97.625, 8.38816, 0.921667
97.65, 8.4502, 0.92205
97.675, 8.54532, 0.922178
97.7, 8.66554, 0.922178
97.725, 8.77674, 0.922306
97.75, 8.87226, 0.922689
97.775, 8.91093, 0.948
97.8, 8.89455, 0.968581
97.825, 8.86579, 1.0293
97.85, 8.83331, 1.04183
97.875, 8.82803, 1.07021
97.9, 8.85349, 1.07494
97.925, 8.9021, 1.07967
97.95, 8.96639, 1.08184
97.975, 9.03266, 1.08363
98, 9.09838, 1.08452
98.025, 9.14871, 1.09628
98.05, 9.18755, 1.11047
98.075, 9.21499, 1.15445
98.1, 9.23426, 1.1726
98.125, 9.2638, 1.22015
98.15, 9.29923, 1.23652
98.175, 9.34561, 1.27103
98.2, 9.40558, 1.281
98.225, 9.48409, 1.28407
98.25, 9.5734, 1.28407
98.275, 9.65494, 1.2842
98.3, 9.73665, 1.2842
98.325, 9.81608, 1.28458
98.35, 9.89018, 1.28471
98.375, 9.95188, 1.30286
98.4, 9.99983, 1.3159
98.425, 10.042, 1.35681
98.45, 10.0788, 1.36946
98.475, 10.1171, 1.39848
98.5, 10.168, 1.40525
98.525, 10.2574, 1.4073
98.55, 10.3719, 1.4073
98.575, 10.4952, 1.40717
98.6, 10.6325, 1.40666
98.625, 10.757, 1.39861
98.65, 10.862, 1.39695
98.675, 10.93, 1.38928
98.7, 10.9624, 1.38889
98.725, 10.983, 1.38902
98.75, 11.0009, 1.38928
98.775, 11.0553, 1.39119
98.8, 11.1445, 1.3917
98.825, 11.2658, 1.39158
98.85, 11.4155, 1.39119
98.875, 11.5694, 1.36217
98.9, 11.7206, 1.34428
98.925, 11.8267, 1.2865
98.95, 11.8873, 1.27078
98.975, 11.8967, 1.24457
99, 11.8679, 1.24291
99.025, 11.8624, 1.24291
99.05, 11.8815, 1.24291
99.075, 11.9278, 1.24214
99.1, 11.9979, 1.23831
99.125, 12.0797, 1.21287
99.15, 12.1646, 1.19433
99.175, 12.1851, 1.14384
99.2, 12.1441, 1.1276
99.225, 12.0783, 1.07877
99.25, 11.9906, 1.06842
99.275, 11.885, 1.04196
99.3, 11.7701, 1.03902
99.325, 11.6762, 1.0348
99.35, 11.5951, 1.0339
99.375, 11.5125, 1.03301
99.4, 11.4318, 1.03288
99.425, 11.3649, 1.03173
99.45, 11.3103, 1.0293
99.475, 11.2678, 0.996448
99.5, 11.2338, 0.98341
99.525, 11.1953, 0.932277
99.55, 11.1558, 0.916937
99.575, 11.0858, 0.875008
99.6, 10.9835, 0.86491
99.625, 10.8651, 0.853405
99.65, 10.7341, 0.853277
99.675, 10.6036, 0.853405
99.7, 10.472, 0.853788
99.725, 10.3456, 0.854939
99.75, 10.226, 0.855706
99.775, 10.114, 0.855578
99.8, 10.0085, 0.854939
99.825, 9.91146, 0.833974
99.85, 9.82334, 0.825282
99.875, 9.73488, 0.799076
99.9, 9.64367, 0.788466
99.925, 9.57276, 0.777984
99.95, 9.52774, 0.775555
99.975, 9.49395, 0.775044
100, 9.46571, 0.775172
100.025, 9.44568, 0.784376
100.05, 9.43589, 0.791023
100.075, 9.38487, 0.808791
100.1, 9.28561, 0.818762
100.125, 9.17363, 0.850081
100.15, 9.05808, 0.860435
100.175, 8.96427, 0.89495
100.2, 8.89431, 0.911312
100.225, 8.91922, 0.94506
100.25, 9.03438, 0.950301
100.275, 9.16856, 0.956565
100.3, 9.31277, 0.961934
100.325, 9.398, 0.970626
100.35, 9.42298, 0.976507
100.375, 9.41454, 0.995937
100.4, 9.3853, 1.00795
100.425, 9.35723, 1.04208
100.45, 9.33005, 1.04912
100.475, 9.34102, 1.07711
100.5, 9.38512, 1.08261
100.525, 9.44707, 1.09961
100.55, 9.53038, 1.10408
100.575, 9.60426, 1.11802
100.6, 9.66137, 1.12147
100.625, 9.70155, 1.14563
100.65, 9.72586, 1.1524
100.675, 9.73338, 1.1749
100.7, 9.73493, 1.18193
100.725, 9.74298, 1.20788
100.75, 9.74698, 1.21606
100.775, 9.7542, 1.23869
100.8, 9.77058, 1.24521
100.825, 9.79445, 1.2741
100.85, 9.82643, 1.27832
100.875, 9.86539, 1.29506
100.9, 9.90976, 1.30248
100.925, 9.96075, 1.31564
100.95, 10.0168, 1.31654
100.975, 10.0716, 1.33763
101, 10.1215, 1.34517
101.025, 10.1741, 1.36294
101.05, 10.2344, 1.37125
101.075, 10.2998, 1.38352
101.1, 10.3688, 1.38595
101.125, 10.443, 1.39758
101.15, 10.5202, 1.40078
101.175, 10.5983, 1.41382
101.2, 10.6771, 1.42494
101.225, 10.7531, 1.43581
101.25, 10.8213, 1.4367
101.275, 10.8753, 1.45
101.3, 10.9253, 1.45485
101.325, 10.989, 1.46316
101.35, 11.071, 1.46649
101.375, 11.1931, 1.47556
101.4, 11.3454, 1.47671
101.425, 11.5044, 1.48515
101.45, 11.673, 1.48515
101.475, 11.8138, 1.4854
101.5, 11.9183, 1.48553
101.525, 11.9871, 1.48617
101.55, 12.0265, 1.48643
101.575, 12.053, 1.49065
101.6, 12.0675, 1.49755
101.625, 12.1262, 1.51123
101.65, 12.2273, 1.51174
101.675, 12.3482, 1.51302
101.7, 12.4932, 1.51314
101.725, 12.6108, 1.5134
101.75, 12.691, 1.5134
101.775, 12.7349, 1.51429
101.8, 12.7493, 1.51749
101.825, 12.7456, 1.53449
101.85, 12.7195, 1.53756
101.875, 12.7061, 1.55482
101.9, 12.717, 1.55712
101.925, 12.7557, 1.5598
101.95, 12.8164, 1.55993
101.975, 12.8725, 1.56031
102, 12.9192, 1.56057
102.025, 12.9446, 1.57092
102.05, 12.9509, 1.57859
102.075, 12.9536, 1.58856
102.1, 12.9546, 1.58908
102.125, 12.9654, 1.58959
102.15, 12.9893, 1.58997
102.175, 13.0264, 1.59266
102.2, 13.0709, 1.59355
102.225, 13.117, 1.59764
102.25, 13.1657, 1.60199
102.275, 13.2042, 1.60812
102.3, 13.2349, 1.60902
102.325, 13.2588, 1.62001
102.35, 13.2757, 1.62206
102.375, 13.2945, 1.62717
102.4, 13.3162, 1.62781
102.425, 13.3493, 1.62998
102.45, 13.3901, 1.63126
102.475, 13.4233, 1.64583
102.5, 13.4497, 1.64596
102.525, 13.4931, 1.64622
102.55, 13.5578, 1.64634
102.575, 13.6223, 1.6466
102.6, 13.6825, 1.64686
102.625, 13.7375, 1.64698
102.65, 13.7854, 1.64711
102.675, 13.8205, 1.64903
102.7, 13.8449, 1.65044
102.725, 13.8646, 1.65325
102.75, 13.8805, 1.65874
102.775, 13.9122, 1.66641
102.8, 13.9633, 1.6668
102.825, 14.0214, 1.67229
102.85, 14.0818, 1.67421
102.875, 14.1354, 1.6746
102.9, 14.1776, 1.6746
102.925, 14.1892, 1.67472
102.95, 14.1755, 1.67472
102.975, 14.1533, 1.67549
103, 14.1232, 1.67587
103.025, 14.1374, 1.67664
103.05, 14.1992, 1.67715
103.075, 14.2929, 1.67728
103.1, 14.4143, 1.67741
103.125, 14.5406, 1.67728
103.15, 14.6599, 1.67728
103.175, 14.7169, 1.67728
103.2, 14.7217, 1.67728
103.225, 14.706, 1.67728
103.25, 14.6728, 1.67728
103.275, 14.6454, 1.67741
103.3, 14.6263, 1.67741
103.325, 14.6202, 1.67741
103.35, 14.625, 1.67741
103.375, 14.6343, 1.67741
103.4, 14.6475, 1.67741
103.425, 14.6532, 1.67754
103.45, 14.6511, 1.67754
103.475, 14.645, 1.67766
103.5, 14.6352, 1.67779
103.525, 14.624, 1.67894
103.55, 14.6116, 1.68469
103.575, 14.5991, 1.70067
103.6, 14.5867, 1.70246
103.625, 14.5751, 1.70706
103.65, 14.5666, 1.71461
103.675, 14.5629, 1.72419
103.7, 14.5554, 1.72445
103.725, 14.5403, 1.72854
103.75, 14.5268, 1.72892
103.775, 14.5292, 1.73186
103.8, 14.5409, 1.73378
103.825, 14.5584, 1.73583
103.85, 14.5839, 1.73583
103.875, 14.6083, 1.73595
103.9, 14.6321, 1.73595
103.925, 14.6632, 1.73595
103.95, 14.7021, 1.73595
103.975, 14.7444, 1.73595
104, 14.7895, 1.73595
104.025, 14.8344, 1.73595
104.05, 14.8733, 1.73583
104.075, 14.8792, 1.7357
104.1, 14.8578, 1.73583
104.125, 14.8286, 1.73583
104.15, 14.7933, 1.73595
104.175, 14.7961, 1.73595
104.2, 14.8441, 1.73583
104.225, 14.9483, 1.73583
104.25, 15.0998, 1.73583
104.275, 15.2598, 1.73544
104.3, 15.4257, 1.73506
104.325, 15.5132, 1.72969
104.35, 15.5211, 1.72701
104.375, 15.504, 1.72125
104.4, 15.4689, 1.72113
104.425, 15.4431, 1.71742
104.45, 15.4332, 1.71742
104.475, 15.4816, 1.7132
104.5, 15.581, 1.70975
104.525, 15.6936, 1.68751
104.55, 15.8115, 1.68048
104.575, 15.8663, 1.66386
104.6, 15.8628, 1.6613
104.625, 15.8312, 1.65184
104.65, 15.7744, 1.65031
104.675, 15.7027, 1.64826
104.7, 15.6196, 1.64775
104.725, 15.5574, 1.64583
104.75, 15.5124, 1.64571
104.775, 15.4694, 1.64532
104.8, 15.4289, 1.64545
104.825, 15.387, 1.64558
104.85, 15.3426, 1.64558
104.875, 15.2961, 1.64571
104.9, 15.2485, 1.64583
104.925, 15.202, 1.64609
104.95, 15.1565, 1.64622
104.975, 15.1137, 1.64622
105, 15.0736, 1.64634
105.025, 15.0361, 1.64673
105.05, 15.0011, 1.64698
105.075, 14.9586, 1.6475
105.1, 14.9068, 1.64762
105.125, 14.8445, 1.64813
105.15, 14.7738, 1.65044
105.175, 14.7038, 1.65197
105.2, 14.6363, 1.65338
105.225, 14.5763, 1.65657
105.25, 14.5228, 1.65734
105.275, 14.4778, 1.65964
105.3, 14.4413, 1.66041
105.325, 14.4142, 1.66284
105.35, 14.3962, 1.66296
105.375, 14.3966, 1.66514
105.4, 14.415, 1.66884
105.425, 14.4404, 1.67575
105.45, 14.4723, 1.67664
105.475, 14.4822, 1.67702
105.5, 14.4665, 1.67702
105.525, 14.4386, 1.67741
105.55, 14.4021, 1.67741
105.575, 14.3742, 1.67843
105.6, 14.3645, 1.6806
105.625, 14.4243, 1.68444
105.65, 14.5426, 1.68457
105.675, 14.6778, 1.68457
105.7, 14.8284, 1.68444
105.725, 14.93, 1.68431
105.75, 14.977, 1.68418
105.775, 14.986, 1.68406
105.8, 14.9623, 1.68406
105.825, 14.9251, 1.68406
105.85, 14.8765, 1.68393
105.875, 14.8677, 1.68406
105.9, 14.9, 1.68406
105.925, 14.9468, 1.68393
105.95, 15.006, 1.68393
105.975, 15.0499, 1.68342
106, 15.0747, 1.68329
106.025, 15.0733, 1.6829
106.05, 15.049, 1.68278
106.075, 15.0176, 1.68278
106.1, 14.9801, 1.68278
106.125, 14.9569, 1.6829
106.15, 14.9488, 1.6829
106.175, 14.9484, 1.6829
106.2, 14.9546, 1.68303
106.225, 14.9614, 1.6829
106.25, 14.9687, 1.6829
106.275, 14.9746, 1.6829
106.3, 14.979, 1.68303
106.325, 14.9817, 1.6829
106.35, 14.9831, 1.68303
106.375, 14.9903, 1.6829
106.4, 15.0034, 1.6829
106.425, 15.0193, 1.6829
106.45, 15.0379, 1.6829
106.475, 15.0568, 1.6829
106.5, 15.0726, 1.68278
106.525, 15.0707, 1.68265
106.55, 15.0544, 1.68252
106.575, 15.0334, 1.68239
106.6, 15.0086, 1.68239
106.625, 14.9792, 1.68227
106.65, 14.9446, 1.68214
106.675, 14.9073, 1.68214
106.7, 14.8681, 1.68227
106.725, 14.8304, 1.68227
106.75, 14.7943, 1.68227
106.775, 14.7848, 1.68239
106.8, 14.8022, 1.68239
106.825, 14.8281, 1.68239
106.85, 14.8614, 1.68227
106.875, 14.8852, 1.68214
106.9, 14.8967, 1.68214
106.925, 14.8869, 1.68227
106.95, 14.8587, 1.68227
106.975, 14.8263, 1.68239
107, 14.7904, 1.68239
107.025, 14.8058, 1.68239
107.05, 14.8745, 1.68239
107.075, 14.966, 1.68239
107.1, 15.0762, 1.68227
107.125, 15.1703, 1.68201
107.15, 15.2388, 1.68175
107.175, 15.2525, 1.67907
107.2, 15.2209, 1.67843
107.225, 15.1714, 1.67779
107.25, 15.1062, 1.67779
107.275, 15.0983, 1.67779
107.3, 15.153, 1.67779
107.325, 15.2522, 1.67523
107.35, 15.3884, 1.67089
107.375, 15.5338, 1.65184
107.4, 15.6729, 1.64571
107.425, 15.7206, 1.62615
107.45, 15.6884, 1.62564
107.475, 15.6253, 1.62525
107.5, 15.534, 1.62538
107.525, 15.4504, 1.62525
107.55, 15.3826, 1.62525
107.575, 15.3364, 1.62538
107.6, 15.3068, 1.62538
107.625, 15.2821, 1.62525
107.65, 15.2625, 1.62538
107.675, 15.2367, 1.62525
107.7, 15.2042, 1.62512
107.725, 15.1708, 1.62538
107.75, 15.1369, 1.62538
107.775, 15.1036, 1.62538
107.8, 15.0713, 1.62538
107.825, 15.0417, 1.62551
107.85, 15.015, 1.62564
107.875, 14.9904, 1.62576
107.9, 14.9674, 1.62589
107.925, 14.9341, 1.62615
107.95, 14.89, 1.62628
107.975, 14.8417, 1.62666
108, 14.79, 1.62679
108.025, 14.7385, 1.62704
108.05, 14.6876, 1.62717
108.075, 14.6372, 1.62794
108.1, 14.5874, 1.62858
108.125, 14.5397, 1.63164
108.15, 14.4953, 1.63254
108.175, 14.4653, 1.63586
108.2, 14.4487, 1.63714
108.225, 14.4427, 1.64251
108.25, 14.4464, 1.64507
108.275, 14.4529, 1.64583
108.3, 14.4594, 1.64583
108.325, 14.448, 1.64698
108.35, 14.4198, 1.6475
108.375, 14.3827, 1.65695
108.4, 14.3387, 1.65874
108.425, 14.3285, 1.66271
108.45, 14.3564, 1.66411
108.475, 14.418, 1.66501
108.5, 14.5093, 1.66501
108.525, 14.6072, 1.66501
108.55, 14.7095, 1.66501
108.575, 14.7556, 1.66501
108.6, 14.7439, 1.66501
108.625, 14.712, 1.66501
108.65, 14.6631, 1.66501
108.675, 14.6332, 1.66501
108.7, 14.6301, 1.66501
108.725, 14.6796, 1.66526
108.75, 14.7745, 1.66526
108.775, 14.8831, 1.66514
108.8, 15.0024, 1.66514
108.825, 15.0762, 1.66501
108.85, 15.101, 1.66501
108.875, 15.0929, 1.66488
108.9, 15.0565, 1.66475
108.925, 15.0135, 1.66488
108.95, 14.9682, 1.66488
108.975, 14.9397, 1.66488
109, 14.9258, 1.66488
109.025, 14.917, 1.66501
109.05, 14.9123, 1.66501
109.075, 14.8988, 1.66501
109.1, 14.8756, 1.66514
109.125, 14.8451, 1.66514
109.15, 14.8085, 1.66514
109.175, 14.7715, 1.66526
109.2, 14.7341, 1.66539
109.225, 14.7066, 1.6659
109.25, 14.689, 1.66603
109.275, 14.6751, 1.66667
109.3, 14.6646, 1.67051
109.325, 14.6564, 1.6746
109.35, 14.6502, 1.67523
109.375, 14.6453, 1.67754
109.4, 14.6414, 1.67779
109.425, 14.6345, 1.68738
109.45, 14.6235, 1.68994
109.475, 14.6121, 1.69569
109.5, 14.6011, 1.69876
109.525, 14.5842, 1.70221
109.55, 14.5647, 1.70234
109.575, 14.5491, 1.70451
109.6, 14.5357, 1.71039
109.625, 14.5399, 1.7233
109.65, 14.5616, 1.72471
109.675, 14.5873, 1.72509
109.7, 14.6172, 1.72534
109.725, 14.6305, 1.7256
109.75, 14.6237, 1.72586
109.775, 14.6077, 1.72688
109.8, 14.5851, 1.72726
109.825, 14.5673, 1.73161
109.85, 14.5603, 1.73238
109.875, 14.6054, 1.73634
109.9, 14.6979, 1.73634
109.925, 14.8045, 1.73634
109.95, 14.9204, 1.73634
109.975, 15.0004, 1.73621
110, 15.0426, 1.73621
110.025, 15.052, 1.73647
110.05, 15.0331, 1.73659
110.075, 14.9973, 1.76766
110.1, 14.9431, 1.78236
110.125, 14.941, 1.81444
110.15, 14.998, 1.81994
110.175, 15.0925, 1.8225
110.2, 15.2128, 1.82684
110.225, 15.3083, 1.83515
110.25, 15.3772, 1.84397
110.275, 15.4178, 1.85842
110.3, 15.4386, 1.86315
110.325, 15.4468, 1.88744
110.35, 15.4433, 1.89165
110.375, 15.4707, 1.91518
110.4, 15.5201, 1.92016
110.425, 15.5796, 1.92502
110.45, 15.6582, 1.92553
110.475, 15.7327, 1.93576
110.5, 15.7977, 1.93934
110.525, 15.8392, 1.95979
110.55, 15.862, 1.96094
110.575, 15.8921, 1.96618
110.6, 15.9281, 1.98331
110.625, 15.9709, 2.00581
110.65, 16.0191, 2.01194
110.675, 16.0562, 2.01501
110.7, 16.0852, 2.01642
110.725, 16.1142, 2.03444
110.75, 16.1423, 2.04186
110.775, 16.171, 2.06295
110.8, 16.1895, 2.06883
110.825, 16.2134, 2.09209
110.85, 16.2559, 2.09324
110.875, 16.2922, 2.11216
110.9, 16.3202, 2.11344
110.925, 16.3577, 2.11753
110.95, 16.4056, 2.12111
110.975, 16.4422, 2.14783
111, 16.476, 2.14949
111.025, 16.5532, 2.1546
111.05, 16.6653, 2.15639
111.075, 16.7867, 2.16368
111.1, 16.9135, 2.16764
111.125, 17.0189, 2.1693
111.15, 17.1002, 2.16956
111.175, 17.1519, 2.1702
111.2, 17.1794, 2.17071
111.225, 17.1952, 2.19027
111.25, 17.1979, 2.19551
111.275, 17.2505, 2.20037
111.3, 17.3568, 2.20817
111.325, 17.4925, 2.21008
111.35, 17.6517, 2.21072
111.375, 17.7821, 2.21098
111.4, 17.8825, 2.21098
111.425, 17.9377, 2.21123
111.45, 17.9508, 2.21123
111.475, 17.949, 2.21699
111.5, 17.9352, 2.22466
111.525, 17.9642, 2.23514
111.55, 18.0423, 2.23629
111.575, 18.1431, 2.24102
111.6, 18.262, 2.24204
111.625, 18.3856, 2.2423
111.65, 18.5004, 2.2423
111.675, 18.567, 2.2423
111.7, 18.5954, 2.24242
111.725, 18.6066, 2.24242
111.75, 18.6024, 2.24255
111.775, 18.6106, 2.24281
111.8, 18.6342, 2.24306
111.825, 18.6718, 2.25048
111.85, 18.7207, 2.25163
111.875, 18.7785, 2.25265
111.9, 18.843, 2.25278
111.925, 18.8784, 2.25316
111.95, 18.8863, 2.25329
111.975, 18.8838, 2.25521
112, 18.8726, 2.25623
112.025, 18.8615, 2.26671
112.05, 18.8483, 2.26773
112.075, 18.8364, 2.28039
112.1, 18.8288, 2.28218
112.125, 18.8293, 2.28384
112.15, 18.8355, 2.28474
112.175, 18.8425, 2.28538
112.2, 18.8522, 2.28614
112.225, 18.8591, 2.28908
112.25, 18.8636, 2.291
112.275, 18.8683, 2.29778
112.3, 18.873, 2.29893
112.325, 18.8682, 2.30072
112.35, 18.8546, 2.30097
112.375, 18.8429, 2.30187
112.4, 18.8318, 2.30212
112.425, 18.8354, 2.31772
112.45, 18.8544, 2.32385
112.475, 18.8871, 2.32782
112.5, 18.9333, 2.32846
112.525, 18.9839, 2.32922
112.55, 19.032, 2.32935
112.575, 19.0485, 2.33024
112.6, 19.04, 2.33395
112.625, 19.0203, 2.3484
112.65, 18.9937, 2.3498
112.675, 19.004, 2.35146
112.7, 19.0531, 2.35146
112.725, 19.1373, 2.35159
112.75, 19.2494, 2.35159
112.775, 19.3682, 2.35159
112.8, 19.4922, 2.35146
112.825, 19.5618, 2.35146
112.85, 19.5764, 2.35146
112.875, 19.5722, 2.35146
112.9, 19.5521, 2.35146
112.925, 19.5393, 2.35146
112.95, 19.5386, 2.35146
112.975, 19.5669, 2.35159
113, 19.6208, 2.35146
113.025, 19.6827, 2.35146
113.05, 19.7508, 2.35146
113.075, 19.7888, 2.35146
113.1, 19.7947, 2.35146
113.125, 19.7838, 2.35134
113.15, 19.7587, 2.35146
113.175, 19.7329, 2.35146
113.2, 19.7099, 2.35146
113.225, 19.7038, 2.35146
113.25, 19.7121, 2.35146
113.275, 19.7249, 2.35146
113.3, 19.7418, 2.35146
113.325, 19.7546, 2.35146
113.35, 19.7627, 2.35146
113.375, 19.7665, 2.35146
113.4, 19.7664, 2.35146
113.425, 19.7653, 2.35146
113.45, 19.7646, 2.35146
113.475, 19.7683, 2.35146
113.5, 19.7754, 2.35146
113.525, 19.7835, 2.35146
113.55, 19.7921, 2.35146
113.575, 19.8034, 2.35146
113.6, 19.8177, 2.35146
113.625, 19.8344, 2.35146
113.65, 19.8534, 2.35146
113.675, 19.8718, 2.35146
113.7, 19.889, 2.35146
113.725, 19.892, 2.35146
113.75, 19.8804, 2.35146
113.775, 19.8626, 2.35146
113.8, 19.8395, 2.35146
113.825, 19.8274, 2.35146
113.85, 19.8299, 2.35146
113.875, 19.8575, 2.35146
113.9, 19.9064, 2.35146
113.925, 19.961, 2.35146
113.95, 20.0197, 2.35146
113.975, 20.0429, 2.35134
114, 20.0293, 2.35134
114.025, 19.9986, 2.35134
114.05, 19.9531, 2.35134
114.075, 19.9132, 2.35134
114.1, 19.8901, 2.35134
114.125, 19.932, 2.35146
114.15, 20.0293, 2.35134
114.175, 20.1439, 2.35134
114.2, 20.2728, 2.35121
114.225, 20.3619, 2.34955
114.25, 20.4067, 2.34904
114.275, 20.4078, 2.34456
114.3, 20.3709, 2.34405
114.325, 20.3223, 2.34239
114.35, 20.2712, 2.34213
114.375, 20.2541, 2.34188
114.4, 20.2641, 2.34175
114.425, 20.2837, 2.33868
114.45, 20.312, 2.33766
114.475, 20.328, 2.33076
114.5, 20.3264, 2.32679
114.525, 20.2988, 2.32385
114.55, 20.2525, 2.32334
114.575, 20.2012, 2.32296
114.6, 20.1406, 2.32296
114.625, 20.0911, 2.32283
114.65, 20.0566, 2.32283
114.675, 20.0297, 2.32296
114.7, 20.0085, 2.32296
114.725, 19.9866, 2.32309
114.75, 19.9627, 2.32309
114.775, 19.9342, 2.32334
114.8, 19.9028, 2.32334
114.825, 19.871, 2.32334
114.85, 19.8385, 2.32334
114.875, 19.8056, 2.32347
114.9, 19.7729, 2.3236
114.925, 19.7428, 2.3236
114.95, 19.7146, 2.3236
114.975, 19.6892, 2.32411
115, 19.6681, 2.32424
115.025, 19.6545, 2.32475
115.05, 19.6474, 2.32513
115.075, 19.6432, 2.32539
115.1, 19.6411, 2.32539
115.125, 19.6344, 2.32539
115.15, 19.6228, 2.32551
115.175, 19.6077, 2.32564
115.2, 19.59, 2.32577
115.225, 19.573, 2.32603
115.25, 19.5623, 2.32615
115.275, 19.5856, 2.32654
115.3, 19.6371, 2.32667
115.325, 19.697, 2.32679
115.35, 19.7642, 2.32679
115.375, 19.8098, 2.32679
115.4, 19.8296, 2.32679
115.425, 19.8191, 2.32679
115.45, 19.7828, 2.32679
115.475, 19.7371, 2.32692
115.5, 19.6836, 2.32692
115.525, 19.6761, 2.3273
115.55, 19.7172, 2.32743
115.575, 19.783, 2.32743
115.6, 19.8689, 2.32743
115.625, 19.9441, 2.32743
115.65, 20.0017, 2.32743
115.675, 20.017, 2.32743
115.7, 19.9964, 2.32743
115.725, 19.9649, 2.32743
115.75, 19.9239, 2.32743
115.775, 19.9079, 2.32743
115.8, 19.9192, 2.32743
115.825, 19.9485, 2.32743
115.85, 19.993, 2.32743
115.875, 20.0414, 2.32743
115.9, 20.0876, 2.32743
115.925, 20.1016, 2.32743
115.95, 20.0884, 2.3273
115.975, 20.0653, 2.3273
116, 20.0336, 2.3273
116.025, 20.0066, 2.3273
116.05, 19.9858, 2.3273
116.075, 19.9733, 2.3273
116.1, 19.9683, 2.32743
116.125, 19.9664, 2.32743
116.15, 19.9671, 2.32743
116.175, 19.964, 2.32743
116.2, 19.9572, 2.32743
116.225, 19.9496, 2.32743
116.25, 19.9411, 2.32743
116.275, 19.9325, 2.32743
116.3, 19.9238, 2.32743
116.325, 19.9146, 2.32756
116.35, 19.9049, 2.32769
116.375, 19.8963, 2.32769
116.4, 19.8894, 2.32782
116.425, 19.8797, 2.32794
116.45, 19.8668, 2.32794
116.475, 19.8521, 2.3282
116.5, 19.8354, 2.3282
116.525, 19.8151, 2.32833
116.55, 19.7905, 2.32846
116.575, 19.759, 2.32897
116.6, 19.7225, 2.33063
116.625, 19.6819, 2.33996
116.65, 19.6374, 2.34188
116.675, 19.6287, 2.34443
116.7, 19.6546, 2.34469
116.725, 19.7022, 2.34533
116.75, 19.7711, 2.34533
116.775, 19.8433, 2.34533
116.8, 19.909, 2.34533
116.825, 19.9268, 2.34533
116.85, 19.905, 2.34533
116.875, 19.8687, 2.34533
116.9, 19.8202, 2.34533
116.925, 19.808, 2.34546
116.95, 19.8376, 2.34546
116.975, 19.9104, 2.34546
117, 20.0204, 2.34546
117.025, 20.1384, 2.34546
117.05, 20.2619, 2.34533
117.075, 20.3289, 2.3452
117.1, 20.338, 2.34507
117.125, 20.3242, 2.34482
117.15, 20.2913, 2.34482
117.175, 20.2649, 2.34482
117.2, 20.2483, 2.34495
117.225, 20.2494, 2.34495
117.25, 20.2655, 2.34495
117.275, 20.2862, 2.34495
117.3, 20.3105, 2.34495
117.325, 20.3112, 2.34482
117.35, 20.287, 2.34482
117.375, 20.2494, 2.34495
117.4, 20.2004, 2.34495
117.425, 20.1521, 2.34495
117.45, 20.1076, 2.34495
117.475, 20.0806, 2.34507
117.5, 20.0686, 2.34507
117.525, 20.0621, 2.34507
117.55, 20.0603, 2.34507
117.575, 20.053, 2.34507
117.6, 20.0392, 2.34507
117.625, 20.0197, 2.34507
117.65, 19.9953, 2.3452
117.675, 19.969, 2.34533
117.7, 19.941, 2.34533
117.725, 19.9138, 2.34533
117.75, 19.8878, 2.34533
117.775, 19.8628, 2.34533
117.8, 19.839, 2.34546
117.825, 19.8244, 2.34571
117.85, 19.8198, 2.34571
117.875, 19.8254, 2.34584
117.9, 19.8398, 2.34584
117.925, 19.8571, 2.34584
117.95, 19.8768, 2.34584
117.975, 19.8799, 2.34584
118, 19.866, 2.34584
118.025, 19.8466, 2.34584
118.05, 19.8229, 2.34584
118.075, 19.8167, 2.34597
118.1, 19.8334, 2.34597
118.125, 19.8869, 2.34597
118.15, 19.9717, 2.34597
118.175, 20.0655, 2.34597
118.2, 20.1665, 2.34597
118.225, 20.2208, 2.34584
118.25, 20.2261, 2.34584
118.275, 20.2065, 2.34584
118.3, 20.1657, 2.34584
118.325, 20.1245, 2.34584
118.35, 20.0906, 2.34584
118.375, 20.0991, 2.34584
118.4, 20.144, 2.34584
118.425, 20.2009, 2.34584
118.45, 20.2675, 2.34584
118.475, 20.3044, 2.34584
118.5, 20.3086, 2.34584
118.525, 20.2879, 2.34571
118.55, 20.2461, 2.34571
118.575, 20.197, 2.34571
118.6, 20.142, 2.34571
118.625, 20.1219, 2.34571
118.65, 20.1374, 2.34571
118.675, 20.1651, 2.34571
118.7, 20.2029, 2.34571
118.725, 20.2289, 2.34558
118.75, 20.2409, 2.34558
118.775, 20.2377, 2.34546
118.8, 20.2212, 2.34546
118.825, 20.2004, 2.3452
118.85, 20.1758, 2.3452
118.875, 20.156, 2.3452
118.9, 20.1418, 2.3452
118.925, 20.129, 2.34533
118.95, 20.1173, 2.34533
118.975, 20.1026, 2.34533
119, 20.0839, 2.34533
119.025, 20.0596, 2.34533
119.05, 20.0303, 2.34533
119.075, 19.9991, 2.34546
119.1, 19.9662, 2.34546
119.125, 19.9357, 2.34546
119.15, 19.9078, 2.34546
119.175, 19.8823, 2.34558
119.2, 19.859, 2.34558
119.225, 19.8391, 2.34558
119.25, 19.8247, 2.34558
119.275, 19.8296, 2.34571
119.3, 19.8511, 2.34571
119.325, 19.8779, 2.34571
119.35, 19.909, 2.34571
119.375, 19.9205, 2.34571
119.4, 19.9107, 2.34571
119.425, 19.8875, 2.34571
119.45, 19.853, 2.34571
119.475, 19.8138, 2.34571
119.5, 19.7709, 2.34571
119.525, 19.7719, 2.34571
119.55, 19.8174, 2.34571
119.575, 19.8785, 2.34571
119.6, 19.9525, 2.34571
119.625, 20.0055, 2.34558
119.65, 20.0331, 2.34571
119.675, 20.031, 2.34558
119.7, 20.0036, 2.34558
119.725, 19.9663, 2.34571
119.75, 19.9209, 2.34571
119.775, 19.9338, 2.34571
119.8, 20.0075, 2.34558
119.825, 20.1081, 2.34558
119.85, 20.2314, 2.34558
119.875, 20.3401, 2.3452
119.9, 20.4252, 2.34507
119.925, 20.4557, 2.34188
119.95, 20.4396, 2.34098
119.975, 20.4062, 2.33421
120, 20.3566, 2.33408
120.025, 20.3219, 2.33459
120.05, 20.3045, 2.33472
120.075, 20.2991, 2.3374
120.1, 20.3058, 2.33791
120.125, 20.314, 2.34303
120.15, 20.3175, 2.34968
120.175, 20.3149, 2.36668
120.2, 20.3125, 2.37179
120.225, 20.305, 2.39148
120.25, 20.2941, 2.40055
120.275, 20.2851, 2.41973
120.3, 20.2748, 2.432
120.325, 20.27, 2.44593
120.35, 20.2663, 2.45552
120.375, 20.2572, 2.48428
120.4, 20.2444, 2.4931
120.425, 20.2332, 2.52212
120.45, 20.2219, 2.52774
120.475, 20.2193, 2.53708
120.5, 20.2311, 2.5436
120.525, 20.2476, 2.56635
120.55, 20.2675, 2.57044
120.575, 20.3003, 2.5799
120.6, 20.3444, 2.58092
120.625, 20.3966, 2.58271
120.65, 20.4602, 2.58923
120.675, 20.5187, 2.62758
120.7, 20.5805, 2.6341
120.725, 20.6539, 2.64637
120.75, 20.7296, 2.65008
120.775, 20.7906, 2.66874
120.8, 20.8332, 2.67322
120.825, 20.8677, 2.67424
120.85, 20.8946, 2.6745
120.875, 20.9173, 2.68101
120.9, 20.9406, 2.69878
120.925, 21.0004, 2.72665
120.95, 21.0974, 2.72729
120.975, 21.2134, 2.73036
121, 21.3447, 2.73215
121.025, 21.4813, 2.73317
121.05, 21.6112, 2.7333
121.075, 21.6868, 2.73573
121.1, 21.7184, 2.74007
121.125, 21.728, 2.76551
121.15, 21.7222, 2.77293
121.175, 21.7473, 2.79849
121.2, 21.8054, 2.80156
121.225, 21.8979, 2.80501
121.25, 22.017, 2.80514
121.275, 22.1449, 2.8054
121.3, 22.2801, 2.80552
121.325, 22.3752, 2.80552
121.35, 22.4298, 2.80578
121.375, 22.4691, 2.80616
121.4, 22.4952, 2.80655
121.425, 22.5274, 2.80859
121.45, 22.5697, 2.81958
121.475, 22.6422, 2.83211
121.5, 22.7384, 2.83237
121.525, 22.829, 2.83288
121.55, 22.9176, 2.83301
121.575, 22.9835, 2.83416
121.6, 23.0236, 2.83454
121.625, 23.0503, 2.84042
121.65, 23.0646, 2.85014
121.675, 23.0786, 2.85819
121.7, 23.094, 2.85832
121.725, 23.1123, 2.85883
121.75, 23.1344, 2.85896
121.775, 23.1584, 2.85947
121.8, 23.1823, 2.86011
121.825, 23.2034, 2.88133
121.85, 23.2206, 2.88593
121.875, 23.2457, 2.88823
121.9, 23.2798, 2.88849
121.925, 23.3188, 2.89015
121.95, 23.3625, 2.89053
121.975, 23.3983, 2.8913
122, 23.4269, 2.89155
122.025, 23.4539, 2.89411
122.05, 23.4786, 2.89488
122.075, 23.5011, 2.90983
122.1, 23.523, 2.92019
122.125, 23.567, 2.92773
122.15, 23.6276, 2.92773
122.175, 23.6763, 2.9285
122.2, 23.7196, 2.92863
122.225, 23.7452, 2.92939
122.25, 23.7489, 2.93668
122.275, 23.7502, 2.95048
122.3, 23.7487, 2.95125
122.325, 23.7614, 2.95151
122.35, 23.7997, 2.95163
122.375, 23.8841, 2.95163
122.4, 24.0041, 2.95163
122.425, 24.131, 2.95163
122.45, 24.2644, 2.95163
122.475, 24.35, 2.95163
122.5, 24.3856, 2.95163
122.525, 24.3948, 2.95163
122.55, 24.3817, 2.95163
122.575, 24.3706, 2.95163
122.6, 24.3674, 2.95163
122.625, 24.3922, 2.95163
122.65, 24.4404, 2.95163
122.675, 24.4955, 2.95163
122.7, 24.5562, 2.95163
122.725, 24.5978, 2.95163
122.75, 24.6182, 2.95163
122.775, 24.6217, 2.95163
122.8, 24.6109, 2.95163
122.825, 24.5938, 2.95163
122.85, 24.5745, 2.95163
122.875, 24.5741, 2.95163
122.9, 24.5892, 2.95163
122.925, 24.6098, 2.95163
122.95, 24.6349, 2.95163
122.975, 24.651, 2.95163
123, 24.6566, 2.95163
123.025, 24.6521, 2.95163
123.05, 24.6393, 2.95163
123.075, 24.6237, 2.95163
123.1, 24.6058, 2.95163
123.125, 24.5901, 2.95176
123.15, 24.5774, 2.95176
123.175, 24.5671, 2.95176
123.2, 24.5587, 2.95176
123.225, 24.5502, 2.95176
123.25, 24.5412, 2.95189
123.275, 24.5309, 2.95202
123.3, 24.5194, 2.95202
123.325, 24.5079, 2.95227
123.35, 24.4968, 2.9524
123.375, 24.484, 2.95266
123.4, 24.4694, 2.95304
123.425, 24.4546, 2.95585
123.45, 24.4397, 2.96046
123.475, 24.4266, 2.98027
123.5, 24.4165, 2.98116
123.525, 24.4391, 2.98423
123.55, 24.4923, 2.98462
123.575, 24.5498, 2.98487
123.6, 24.6117, 2.98487
123.625, 24.6514, 2.98487
123.65, 24.6648, 2.98487
123.675, 24.6604, 2.985
123.7, 24.6423, 2.985
123.725, 24.619, 2.98513
123.75, 24.6018, 2.98513
123.775, 24.6483, 2.98525
123.8, 24.7486, 2.98538
123.825, 24.8647, 2.98538
123.85, 24.9933, 2.98538
123.875, 25.0931, 2.98538
123.9, 25.1586, 2.98538
123.925, 25.1833, 2.98525
123.95, 25.1729, 2.98538
123.975, 25.1486, 2.98525
124, 25.1126, 2.98538
124.025, 25.1046, 2.98538
124.05, 25.1269, 2.98525
124.075, 25.1616, 2.98525
124.1, 25.2067, 2.98525
124.125, 25.2412, 2.98525
124.15, 25.2612, 2.98525
124.175, 25.2555, 2.98525
124.2, 25.2279, 2.98525
124.225, 25.1927, 2.98525
124.25, 25.1506, 2.98525
124.275, 25.1232, 2.98525
124.3, 25.1121, 2.98513
124.325, 25.1096, 2.98525
124.35, 25.1145, 2.98525
124.375, 25.1199, 2.98525
124.4, 25.1235, 2.98525
124.425, 25.1158, 2.98513
124.45, 25.0982, 2.98513
124.475, 25.078, 2.98513
124.5, 25.0564, 2.98513
124.525, 25.0359, 2.98513
124.55, 25.0161, 2.98513
124.575, 24.9967, 2.98513
124.6, 24.9779, 2.98513
124.625, 24.9592, 2.98513
124.65, 24.9409, 2.98513
124.675, 24.9233, 2.98525
124.7, 24.9061, 2.98525
124.725, 24.889, 2.98525
124.75, 24.872, 2.98525
124.775, 24.8548, 2.98525
124.8, 24.8372, 2.98525
124.825, 24.8198, 2.98538
124.85, 24.8027, 2.98538
124.875, 24.7858, 2.98538
124.9, 24.7689, 2.98538
124.925, 24.7634, 2.98538
124.95, 24.7695, 2.98538
124.975, 24.7825, 2.98551
125, 24.8009, 2.98551
125.025, 24.8148, 2.98551
125.05, 24.8223, 2.98551
125.075, 24.8169, 2.98551
125.1, 24.8004, 2.98551
125.125, 24.7821, 2.98551
125.15, 24.7622, 2.98551
125.175, 24.7782, 2.98551
125.2, 24.8327, 2.98551
125.225, 24.9123, 2.98551
125.25, 25.0132, 2.98551
125.275, 25.1084, 2.98551
125.3, 25.1897, 2.98551
125.325, 25.2241, 2.98551
125.35, 25.2188, 2.98551
125.375, 25.1991, 2.98551
125.4, 25.1674, 2.98551
125.425, 25.1551, 2.98551
125.45, 25.1656, 2.98551
125.475, 25.2002, 2.98551
125.5, 25.2548, 2.98538
125.525, 25.3131, 2.98538
125.55, 25.3742, 2.98538
125.575, 25.3962, 2.98525
125.6, 25.3788, 2.98525
125.625, 25.3479, 2.98513
125.65, 25.3053, 2.98513
125.675, 25.2724, 2.98513
125.7, 25.2523, 2.98513
125.725, 25.2495, 2.98513
125.75, 25.2607, 2.98513
125.775, 25.2758, 2.985
125.8, 25.294, 2.985
125.825, 25.298, 2.985
125.85, 25.2874, 2.985
125.875, 25.269, 2.98487
125.9, 25.2434, 2.98487
125.925, 25.2169, 2.98474
125.95, 25.1909, 2.98474
125.975, 25.1728, 2.98474
126, 25.1622, 2.98474
126.025, 25.1541, 2.98474
126.05, 25.1475, 2.98474
126.075, 25.1437, 2.98474
126.1, 25.1426, 2.98474
126.125, 25.1439, 2.98474
126.15, 25.1474, 2.98474
126.175, 25.1504, 2.98474
126.2, 25.1516, 2.98474
126.225, 25.1442, 2.98474
126.25, 25.1301, 2.98474
126.275, 25.1135, 2.98474
126.3, 25.0946, 2.98474
126.325, 25.0849, 2.98462
126.35, 25.0858, 2.98449
126.375, 25.0973, 2.98398
126.4, 25.1176, 2.98359
126.425, 25.1436, 2.97733
126.45, 25.1744, 2.97656
126.475, 25.1722, 2.97388
126.5, 25.137, 2.97375
126.525, 25.0947, 2.97349
126.55, 25.0469, 2.97349
126.575, 25.0261, 2.97337
126.6, 25.0375, 2.97337
126.625, 25.0876, 2.97311
126.65, 25.1702, 2.97298
126.675, 25.2624, 2.96429
126.7, 25.3623, 2.95713
126.725, 25.419, 2.93847
126.75, 25.4266, 2.93604
126.775, 25.4055, 2.93067
126.8, 25.3672, 2.92875
126.825, 25.3191, 2.92863
126.85, 25.2652, 2.92863
126.875, 25.2479, 2.9285
126.9, 25.2602, 2.92863
126.925, 25.2799, 2.9285
126.95, 25.3068, 2.92824
126.975, 25.3123, 2.92684
127, 25.2936, 2.92479
127.025, 25.2586, 2.92441
127.05, 25.2104, 2.92428
127.075, 25.1611, 2.92428
127.1, 25.1117, 2.92428
127.125, 25.0692, 2.92441
127.15, 25.0329, 2.92441
127.175, 25.0008, 2.92466
127.2, 24.9727, 2.92466
127.225, 24.9438, 2.92479
127.25, 24.9134, 2.92479
127.275, 24.8815, 2.92492
127.3, 24.8485, 2.92492
127.325, 24.8157, 2.92505
127.35, 24.7832, 2.92517
127.375, 24.7538, 2.92556
127.4, 24.7272, 2.92556
127.425, 24.703, 2.92568
127.45, 24.6811, 2.92581
127.475, 24.6601, 2.92607
127.5, 24.6396, 2.9262
127.525, 24.6199, 2.92645
127.55, 24.6009, 2.92658
127.575, 24.5828, 2.92684
127.6, 24.5656, 2.92696
127.625, 24.5477, 2.92722
127.65, 24.5293, 2.92747
127.675, 24.5108, 2.92875
127.7, 24.4927, 2.93144
127.725, 24.4806, 2.93272
127.75, 24.4757, 2.93297
127.775, 24.4808, 2.93361
127.8, 24.4942, 2.93387
127.825, 24.511, 2.93514
127.85, 24.5308, 2.93514
127.875, 24.5327, 2.93681
127.9, 24.5157, 2.93796
127.925, 24.4854, 2.94767
127.95, 24.4466, 2.94985
127.975, 24.4134, 2.95215
128, 24.3908, 2.95215
128.025, 24.4246, 2.95253
128.05, 24.5083, 2.95253
128.075, 24.6079, 2.95266
128.1, 24.72, 2.95266
128.125, 24.8083, 2.95266
128.15, 24.8671, 2.95266
128.175, 24.8892, 2.95266
128.2, 24.88, 2.95266
128.225, 24.8571, 2.95266
128.25, 24.8223, 2.95266
128.275, 24.8293, 2.95266
128.3, 24.8791, 2.95266
128.325, 24.9406, 2.95266
128.35, 25.0118, 2.95266
128.375, 25.0683, 2.95266
128.4, 25.1049, 2.95266
128.425, 25.1096, 2.95266
128.45, 25.0864, 2.95266
128.475, 25.0517, 2.95266
128.5, 25.0075, 2.95266
128.525, 24.982, 2.95266
128.55, 24.9773, 2.95266
128.575, 24.9862, 2.95266
128.6, 25.0066, 2.95266
128.625, 25.0256, 2.95266
128.65, 25.0397, 2.95266
128.675, 25.0356, 2.95266
128.7, 25.0155, 2.95266
128.725, 24.9899, 2.95266
128.75, 24.9597, 2.95266
128.775, 24.935, 2.95266
128.8, 24.9172, 2.95266
128.825, 24.9074, 2.95266
128.85, 24.9046, 2.95266
128.875, 24.9039, 2.95266
128.9, 24.9049, 2.95266
128.925, 24.8964, 2.95266
128.95, 24.8778, 2.95266
128.975, 24.8574, 2.95266
129, 24.836, 2.95266
129.025, 24.8179, 2.95279
129.05, 24.8039, 2.95279
129.075, 24.7964, 2.95279
129.1, 24.7944, 2.95279
129.125, 24.7959, 2.95291
129.15, 24.8007, 2.95291
129.175, 24.8031, 2.95317
129.2, 24.8022, 2.95317
129.225, 24.7997, 2.95342
129.25, 24.7958, 2.95355
129.275, 24.7906, 2.95445
129.3, 24.7843, 2.95483
129.325, 24.7709, 2.95956
129.35, 24.7499, 2.96033
129.375, 24.7304, 2.96544
129.4, 24.714, 2.96749
129.425, 24.7118, 2.96902
129.45, 24.7261, 2.96991
129.475, 24.7522, 2.97707
129.5, 24.7872, 2.97733
129.525, 24.821, 2.97758
129.55, 24.8495, 2.97771
129.575, 24.8532, 2.97784
129.6, 24.8342, 2.97784
129.625, 24.8065, 2.9781
129.65, 24.772, 2.9781
129.675, 24.7782, 2.97822
129.7, 24.8296, 2.97835
129.725, 24.9147, 2.97835
129.75, 25.0281, 2.97835
129.775, 25.147, 2.97835
129.8, 25.2696, 2.97835
129.825, 25.3374, 2.97822
129.85, 25.3495, 2.97822
129.875, 25.3393, 2.9781
129.9, 25.3095, 2.9781
129.925, 25.2879, 2.97822
129.95, 25.2802, 2.97822
129.975, 25.3019, 2.9781
130, 25.3484, 2.9781
130.025, 25.4026, 2.97822
130.05, 25.4627, 2.97835
130.075, 25.4879, 2.97848
130.1, 25.4771, 2.97861
130.125, 25.4492, 2.98142
130.15, 25.4068, 2.9942
130.175, 25.3491, 3.04738
130.2, 25.2843, 3.05837
130.225, 25.2463, 3.08701
130.25, 25.2262, 3.09455
130.275, 25.2159, 3.10299
130.3, 25.219, 3.10427
130.325, 25.2249, 3.13712
130.35, 25.2264, 3.15348
130.375, 25.2332, 3.17624
130.4, 25.2554, 3.18429
130.425, 25.2903, 3.20244
130.45, 25.3298, 3.21216
130.475, 25.3696, 3.23619
130.5, 25.4125, 3.23708
130.525, 25.4653, 3.23887
130.55, 25.5253, 3.24015
130.575, 25.5719, 3.27607
130.6, 25.6059, 3.2854
130.625, 25.6544, 3.30394
130.65, 25.7152, 3.30624
130.675, 25.7752, 3.32017
130.7, 25.842, 3.32874
130.725, 25.9024, 3.33718
130.75, 25.9493, 3.33948
130.775, 25.9979, 3.37233
130.8, 26.0407, 3.37923
130.825, 26.0897, 3.38179
130.85, 26.158, 3.38358
130.875, 26.2452, 3.38473
130.9, 26.3449, 3.38613
130.925, 26.4439, 3.38831
130.95, 26.5433, 3.38882
130.975, 26.6202, 3.4062
131, 26.6746, 3.4241
131.025, 26.7263, 3.4319
131.05, 26.773, 3.43254
131.075, 26.8227, 3.45031
131.1, 26.883, 3.45529
131.125, 26.986, 3.45849
131.15, 27.1238, 3.45913
131.175, 27.2673, 3.46194
131.2, 27.4186, 3.46309
131.225, 27.5372, 3.46347
131.25, 27.6181, 3.46347
131.275, 27.6743, 3.46386
131.3, 27.7109, 3.46386
131.325, 27.7345, 3.4645
131.35, 27.7548, 3.46565
131.375, 27.8219, 3.47677
131.4, 27.9276, 3.48751
131.425, 28.0529, 3.49914
131.45, 28.1918, 3.49914
131.475, 28.2992, 3.49927
131.5, 28.3771, 3.49927
131.525, 28.4265, 3.49927
131.55, 28.4501, 3.49927
131.575, 28.4635, 3.49927
131.6, 28.4675, 3.49927
131.625, 28.4817, 3.49939
131.65, 28.508, 3.49939
131.675, 28.5388, 3.49939
131.7, 28.5733, 3.49978
131.725, 28.6053, 3.49991
131.75, 28.6338, 3.50003
131.775, 28.6539, 3.50029
131.8, 28.6666, 3.50042
131.825, 28.6763, 3.50106
131.85, 28.6831, 3.50131
131.875, 28.6924, 3.51614
131.9, 28.7035, 3.51908
131.925, 28.7094, 3.51997
131.95, 28.7068, 3.5201
131.975, 28.713, 3.52036
132, 28.7322, 3.52049
132.025, 28.7421, 3.52138
132.05, 28.7444, 3.52202
132.075, 28.7513, 3.52355
132.1, 28.7607, 3.52419
132.125, 28.7643, 3.54746
132.15, 28.7641, 3.5605
132.175, 28.7607, 3.57008
132.2, 28.7575, 3.57021
132.225, 28.7633, 3.5706
132.25, 28.7719, 3.57072
132.275, 28.8062, 3.57124
132.3, 28.8681, 3.57149
132.325, 28.936, 3.572
132.35, 29.0081, 3.572
132.375, 29.065, 3.572
132.4, 29.1043, 3.572
132.425, 29.1229, 3.57226
132.45, 29.1235, 3.57226
132.475, 29.1177, 3.57264
132.5, 29.1066, 3.5729
132.525, 29.1287, 3.57328
132.55, 29.1858, 3.57379
132.575, 29.256, 3.5766
132.6, 29.3372, 3.57699
132.625, 29.4078, 3.57712
132.65, 29.4623, 3.57712
132.675, 29.4866, 3.57712
132.7, 29.4856, 3.57712
132.725, 29.4765, 3.57724
132.75, 29.4606, 3.57724
132.775, 29.4642, 3.57724
132.8, 29.4889, 3.57724
132.825, 29.5245, 3.5775
132.85, 29.5694, 3.57763
132.875, 29.6119, 3.57763
132.9, 29.6479, 3.57763
132.925, 29.6612, 3.57763
132.95, 29.655, 3.57763
132.975, 29.6414, 3.57763
133, 29.6213, 3.57788
133.025, 29.6064, 3.57801
133.05, 29.5982, 3.57814
133.075, 29.5976, 3.57852
133.1, 29.6028, 3.57852
133.125, 29.6098, 3.57878
133.15, 29.6166, 3.57878
133.175, 29.6146, 3.57878
133.2, 29.6049, 3.57878
133.225, 29.5919, 3.57891
133.25, 29.5765, 3.57903
133.275, 29.5637, 3.57942
133.3, 29.5543, 3.57967
133.325, 29.5463, 3.58862
133.35, 29.5381, 3.60741
133.375, 29.5421, 3.61623
133.4, 29.5562, 3.61662
133.425, 29.5595, 3.617
133.45, 29.5576, 3.61713
133.475, 29.5582, 3.61751
133.5, 29.5578, 3.61777
133.525, 29.5574, 3.62531
133.55, 29.5585, 3.62774
133.575, 29.5645, 3.6294
133.6, 29.5752, 3.63029
133.625, 29.5896, 3.6308
133.65, 29.606, 3.6308
133.675, 29.6252, 3.63119
133.7, 29.6486, 3.63132
133.725, 29.6762, 3.63157
133.75, 29.7071, 3.63157
133.775, 29.7348, 3.6317
133.8, 29.7573, 3.63183
133.825, 29.765, 3.63183
133.85, 29.7603, 3.63183
133.875, 29.753, 3.63183
133.9, 29.7436, 3.63183
133.925, 29.751, 3.63183
133.95, 29.7775, 3.63196
133.975, 29.8218, 3.63196
134, 29.8807, 3.63183
134.025, 29.9439, 3.63196
134.05, 30.0103, 3.63183
134.075, 30.041, 3.63183
134.1, 30.0358, 3.63183
134.125, 30.0199, 3.63183
134.15, 29.9953, 3.63183
134.175, 29.9909, 3.63196
134.2, 30.0108, 3.63183
134.225, 30.0601, 3.63183
134.25, 30.1337, 3.63183
134.275, 30.2128, 3.63183
134.3, 30.2961, 3.63183
134.325, 30.3453, 3.6317
134.35, 30.3589, 3.6317
134.375, 30.3522, 3.6317
134.4, 30.3274, 3.6317
134.425, 30.3007, 3.6317
134.45, 30.2778, 3.6317
134.475, 30.2842, 3.6317
134.5, 30.3157, 3.6317
134.525, 30.3542, 3.63157
134.55, 30.3982, 3.63157
134.575, 30.4204, 3.63144
134.6, 30.4197, 3.63132
134.625, 30.4041, 3.63132
134.65, 30.3756, 3.63132
134.675, 30.3429, 3.63119
134.7, 30.3086, 3.63119
134.725, 30.2853, 3.63106
134.75, 30.2716, 3.63106
134.775, 30.2615, 3.63106
134.8, 30.2541, 3.63093
134.825, 30.2442, 3.6308
134.85, 30.231, 3.63055
134.875, 30.2154, 3.62965
134.9, 30.1978, 3.6294
134.925, 30.1803, 3.62876
134.95, 30.163, 3.62876
134.975, 30.1485, 3.62876
135, 30.1368, 3.62876
135.025, 30.127, 3.6285
135.05, 30.1191, 3.6285
135.075, 30.1106, 3.62838
135.1, 30.1003, 3.62838
135.125, 30.0849, 3.62812
135.15, 30.0654, 3.62812
135.175, 30.0461, 3.62799
135.2, 30.0273, 3.62799
135.225, 30.0094, 3.62799
135.25, 29.9923, 3.62799
135.275, 29.9759, 3.62774
135.3, 29.9602, 3.62774
135.325, 29.9471, 3.62761
135.35, 29.9377, 3.62748
135.375, 29.9397, 3.62735
135.4, 29.9515, 3.6271
135.425, 29.9668, 3.62697
135.45, 29.9847, 3.62684
135.475, 29.9896, 3.62646
135.5, 29.9806, 3.62633
135.525, 29.9625, 3.62556
135.55, 29.9368, 3.62556
135.575, 29.9077, 3.62492
135.6, 29.8837, 3.62492
135.625, 29.9064, 3.62492
135.65, 29.9685, 3.62492
135.675, 30.0423, 3.62429
135.7, 30.1256, 3.62211
135.725, 30.1858, 3.60984
135.75, 30.2211, 3.60716
135.775, 30.2274, 3.5968
135.8, 30.2002, 3.59642
135.825, 30.1675, 3.59361
135.85, 30.1371, 3.59194
135.875, 30.1253, 3.59143
135.9, 30.1334, 3.59105
135.925, 30.1573, 3.58849
135.95, 30.1938, 3.58785
135.975, 30.2197, 3.58159
136, 30.2346, 3.57954
136.025, 30.2346, 3.57366
136.05, 30.2181, 3.57341
136.075, 30.1879, 3.57162
136.1, 30.1507, 3.57149
136.125, 30.1209, 3.57124
136.15, 30.0962, 3.57124
136.175, 30.0772, 3.57124
136.2, 30.0639, 3.57136
136.225, 30.0508, 3.57149
136.25, 30.0371, 3.57149
136.275, 30.0201, 3.57162
136.3, 30.0001, 3.57162
136.325, 29.9806, 3.57175
136.35, 29.962, 3.57175
136.375, 29.9446, 3.57187
136.4, 29.9283, 3.57187
136.425, 29.9128, 3.572
136.45, 29.898, 3.572
136.475, 29.8852, 3.57213
136.5, 29.8737, 3.572
136.525, 29.8618, 3.57213
136.55, 29.8508, 3.57213
136.575, 29.8407, 3.57226
136.6, 29.8307, 3.57226
136.625, 29.8116, 3.57251
136.65, 29.7828, 3.57251
136.675, 29.7529, 3.57264
136.7, 29.7235, 3.57277
136.725, 29.6948, 3.57302
136.75, 29.6662, 3.57302
136.775, 29.6654, 3.57328
136.8, 29.694, 3.57341
136.825, 29.7435, 3.57341
136.85, 29.8114, 3.57341
136.875, 29.8618, 3.57341
136.9, 29.8905, 3.57341
136.925, 29.8898, 3.57341
136.95, 29.8639, 3.57341
136.975, 29.8357, 3.57354
137, 29.8064, 3.57354
137.025, 29.8046, 3.57354
137.05, 29.8314, 3.57354
137.075, 29.8763, 3.57354
137.1, 29.9372, 3.57354
137.125, 30.0019, 3.57341
137.15, 30.0628, 3.57341
137.175, 30.0849, 3.57328
137.2, 30.0739, 3.57328
137.225, 30.0464, 3.57328
137.25, 30.0046, 3.57328
137.275, 29.9734, 3.57328
137.3, 29.9555, 3.57328
137.325, 29.9537, 3.57341
137.35, 29.9657, 3.57341
137.375, 29.9764, 3.57341
137.4, 29.9851, 3.57328
137.425, 29.9746, 3.57341
137.45, 29.9449, 3.57341
137.475, 29.9125, 3.57341
137.5, 29.8782, 3.57341
137.525, 29.8429, 3.57341
137.55, 29.8074, 3.57341
137.575, 29.778, 3.57341
137.6, 29.7547, 3.57341
137.625, 29.7367, 3.57341
137.65, 29.7232, 3.57354
137.675, 29.7077, 3.57354
137.7, 29.69, 3.57354
137.725, 29.6724, 3.57354
137.75, 29.655, 3.57354
137.775, 29.6389, 3.57379
137.8, 29.6245, 3.57392
137.825, 29.6114, 3.57456
137.85, 29.5991, 3.57533
137.875, 29.5875, 3.57622
137.9, 29.5766, 3.57648
137.925, 29.5734, 3.57788
137.95, 29.5776, 3.57967
137.975, 29.5865, 3.58121
138, 29.6001, 3.58133
138.025, 29.614, 3.58159
138.05, 29.625, 3.58172
138.075, 29.6204, 3.58185
138.1, 29.6023, 3.58185
138.125, 29.5807, 3.58197
138.15, 29.5568, 3.5821
138.175, 29.5662, 3.58236
138.2, 29.612, 3.58236
138.225, 29.6824, 3.58236
138.25, 29.773, 3.58236
138.275, 29.8658, 3.58236
138.3, 29.9594, 3.58236
138.325, 30.008, 3.58236
138.35, 30.0108, 3.58236
138.375, 29.9946, 3.58223
138.4, 29.962, 3.58236
138.425, 29.938, 3.58236
138.45, 29.9264, 3.58236
138.475, 29.9368, 3.58236
138.5, 29.9664, 3.58223
138.525, 29.9998, 3.58223
138.55, 30.0352, 3.58223
138.575, 30.0432, 3.58223
138.6, 30.0238, 3.58223
138.625, 29.9958, 3.58223
138.65, 29.9606, 3.58223
138.675, 29.9262, 3.58223
138.7, 29.8954, 3.58223
138.725, 29.88, 3.58223
138.75, 29.8778, 3.58223
138.775, 29.8836, 3.58223
138.8, 29.8963, 3.58223
138.825, 29.8972, 3.58223
138.85, 29.8854, 3.58223
138.875, 29.8627, 3.58223
138.9, 29.8306, 3.58236
138.925, 29.7994, 3.58236
138.95, 29.7699, 3.58236
138.975, 29.7467, 3.58236
139, 29.7291, 3.58236
139.025, 29.7133, 3.58236
139.05, 29.6992, 3.58236
139.075, 29.6831, 3.58248
139.1, 29.6647, 3.58248
139.125, 29.6464, 3.58248
139.15, 29.6285, 3.58248
139.175, 29.6096, 3.58287
139.2, 29.5896, 3.58287
139.225, 29.5752, 3.58312
139.25, 29.5672, 3.58338
139.275, 29.5639, 3.58913
139.3, 29.564, 3.5913
139.325, 29.5694, 3.59514
139.35, 29.5826, 3.59616
139.375, 29.6037, 3.59731
139.4, 29.6301, 3.59782
139.425, 29.6591, 3.61035
139.45, 29.6889, 3.61074
139.475, 29.6999, 3.61086
139.5, 29.699, 3.61086
139.525, 29.6924, 3.61086
139.55, 29.6738, 3.61086
139.575, 29.6655, 3.61099
139.6, 29.677, 3.61099
139.625, 29.7269, 3.61099
139.65, 29.808, 3.61099
139.675, 29.8983, 3.61099
139.7, 29.996, 3.61099
139.725, 30.0608, 3.61099
139.75, 30.0905, 3.61099
139.775, 30.0942, 3.61086
139.8, 30.0749, 3.61086
139.825, 30.0527, 3.61086
139.85, 30.0329, 3.61099
139.875, 30.0371, 3.61086
139.9, 30.0619, 3.61099
139.925, 30.0915, 3.61086
139.95, 30.1254, 3.61086
139.975, 30.1475, 3.61086
140, 30.1557, 3.61086
140.025, 30.1484, 3.60882
140.05, 30.1272, 3.60601
140.075, 30.1008, 3.58568
140.1, 30.0751, 3.57673
140.125, 30.062, 3.55065
140.15, 30.0487, 3.53723
140.175, 30.0461, 3.50489
140.2, 30.0619, 3.49287
140.225, 30.0523, 3.46411
140.25, 30.0124, 3.45107
140.275, 29.973, 3.42691
140.3, 29.9414, 3.40735
140.325, 29.884, 3.3791
140.35, 29.8046, 3.37463
140.375, 29.7368, 3.3529
140.4, 29.6733, 3.34612
140.425, 29.6038, 3.32132
140.45, 29.528, 3.31174
140.475, 29.453, 3.29039
140.5, 29.3843, 3.28553
140.525, 29.3241, 3.26188
140.55, 29.2712, 3.25472
140.575, 29.2241, 3.23005
140.6, 29.18, 3.22008
140.625, 29.1144, 3.19822
140.65, 29.0322, 3.19324
140.675, 28.9487, 3.17521
140.7, 28.8571, 3.16972
140.725, 28.7501, 3.15974
140.75, 28.6426, 3.15233
140.775, 28.5524, 3.14108
140.8, 28.4706, 3.13993
140.825, 28.4089, 3.12945
140.85, 28.3689, 3.1228
140.875, 28.3068, 3.10644
140.9, 28.2099, 3.10184
140.925, 28.0901, 3.09238
140.95, 27.9613, 3.08752
140.975, 27.8344, 3.08126
141, 27.7045, 3.08074
141.025, 27.6411, 3.07563
141.05, 27.6444, 3.0686
141.075, 27.6659, 3.05313
141.1, 27.7008, 3.04534
141.125, 27.711, 3.01836
141.15, 27.6958, 3.01351
141.175, 27.6411, 2.99548
141.2, 27.5499, 2.99229
141.225, 27.4372, 2.98935
141.25, 27.3076, 2.98909
141.275, 27.1945, 2.98909
141.3, 27.0977, 2.98896
141.325, 27.0166, 2.98832
141.35, 26.9492, 2.98794
141.375, 26.8856, 2.98487
141.4, 26.8229, 2.9841
141.425, 26.7476, 2.97835
141.45, 26.6607, 2.97643
141.475, 26.5692, 2.97541
141.5, 26.4751, 2.97541
141.525, 26.3911, 2.97528
141.55, 26.3187, 2.97541
141.575, 26.2558, 2.9749
141.6, 26.2014, 2.9749
141.625, 26.152, 2.97337
141.65, 26.1051, 2.97337
141.675, 26.0475, 2.97196
141.7, 25.9825, 2.97196
141.725, 25.9168, 2.97196
141.75, 25.8491, 2.97196
141.775, 25.7841, 2.97196
141.8, 25.7222, 2.97209
141.825, 25.666, 2.97222
141.85, 25.6152, 2.97222
141.875, 25.5691, 2.97209
141.9, 25.5269, 2.97209
141.925, 25.4834, 2.97222
141.95, 25.4386, 2.97222
141.975, 25.3953, 2.97234
142, 25.3538, 2.97234
142.025, 25.3136, 2.97247
142.05, 25.2739, 2.9726
142.075, 25.233, 2.97273
142.1, 25.1914, 2.97273
142.125, 25.1518, 2.97298
142.15, 25.1142, 2.97298
142.175, 25.1144, 2.97311
142.2, 25.154, 2.97311
142.225, 25.2118, 2.97311
142.25, 25.2852, 2.97311
142.275, 25.3481, 2.97298
142.3, 25.394, 2.97298
142.325, 25.4002, 2.97247
142.35, 25.3721, 2.97234
142.375, 25.3318, 2.97247
142.4, 25.2812, 2.97247
142.425, 25.2609, 2.97247
142.45, 25.275, 2.97247
142.475, 25.3172, 2.97234
142.5, 25.3827, 2.97222
142.525, 25.454, 2.96199
142.55, 25.5216, 2.95675
142.575, 25.542, 2.95087
142.6, 25.5268, 2.95074
142.625, 25.4945, 2.94946
142.65, 25.4414, 2.94946
142.675, 25.3911, 2.94921
142.7, 25.3488, 2.94921
142.725, 25.3179, 2.94946
142.75, 25.2956, 2.94946
142.775, 25.2763, 2.94959
142.8, 25.2599, 2.94946
142.825, 25.2362, 2.94959
142.85, 25.2052, 2.94946
142.875, 25.1722, 2.94959
142.9, 25.1377, 2.94972
142.925, 25.1057, 2.94985
142.95, 25.0764, 2.94985
142.975, 25.05, 2.9501
143, 25.0261, 2.95023
143.025, 25.0041, 2.95061
143.05, 24.9839, 2.95061
143.075, 24.962, 2.95048
143.1, 24.9384, 2.95061
143.125, 24.9146, 2.95061
143.15, 24.8907, 2.95074
143.175, 24.8668, 2.95087
143.2, 24.8426, 2.95087
143.225, 24.8193, 2.95138
143.25, 24.7966, 2.95151
143.275, 24.7751, 2.95189
143.3, 24.7548, 2.95202
143.325, 24.7365, 2.95317
143.35, 24.7206, 2.95381
143.375, 24.7079, 2.95457
143.4, 24.698, 2.95483
143.425, 24.6896, 2.95521
143.45, 24.682, 2.95534
143.475, 24.6649, 2.95662
143.5, 24.6385, 2.95803
143.525, 24.6108, 2.9602
143.55, 24.5825, 2.96058
143.575, 24.5821, 2.96237
143.6, 24.612, 2.96288
143.625, 24.6729, 2.96327
143.65, 24.761, 2.9634
143.675, 24.8546, 2.9634
143.7, 24.952, 2.9634
143.725, 25.0002, 2.96327
143.75, 24.9977, 2.96327
143.775, 24.9764, 2.96327
143.8, 24.9395, 2.96327
143.825, 24.908, 2.96327
143.85, 24.8886, 2.96327
143.875, 24.9092, 2.9634
143.9, 24.9638, 2.96327
143.925, 25.0285, 2.96327
143.95, 25.1013, 2.96327
143.975, 25.1415, 2.96301
144, 25.147, 2.96301
144.025, 25.1315, 2.96301
144.05, 25.0981, 2.96301
144.075, 25.0608, 2.96301
144.1, 25.0235, 2.96314
144.125, 25.0006, 2.96314
144.15, 24.9901, 2.96314
144.175, 24.9845, 2.96314
144.2, 24.9828, 2.96314
144.225, 24.9717, 2.96327
144.25, 24.9501, 2.96327
144.275, 24.9226, 2.9634
144.3, 24.8905, 2.9634
144.325, 24.8568, 2.9634
144.35, 24.8216, 2.9634
144.375, 24.7993, 2.96352
144.4, 24.7903, 2.96352
144.425, 24.7898, 2.96378
144.45, 24.7967, 2.96378
144.475, 24.8003, 2.96403
144.5, 24.8002, 2.96416
144.525, 24.7956, 2.96595
144.55, 24.7863, 2.96634
144.575, 24.7784, 2.96876
144.6, 24.7709, 2.9694
144.625, 24.765, 2.97375
144.65, 24.7638, 2.97401
144.675, 24.7588, 2.97528
144.7, 24.75, 2.97579
144.725, 24.7483, 2.97937
144.75, 24.7552, 2.97963
144.775, 24.7774, 2.98014
144.8, 24.8107, 2.98014
144.825, 24.8439, 2.98014
144.85, 24.8778, 2.98014
144.875, 24.8906, 2.98014
144.9, 24.8806, 2.98014
144.925, 24.8593, 2.98014
144.95, 24.8284, 2.98014
144.975, 24.8021, 2.98027
145, 24.7879, 2.98027
145.025, 24.8158, 2.98065
145.05, 24.8792, 2.98052
145.075, 24.9529, 2.98065
145.1, 25.0349, 2.98065
145.125, 25.0869, 2.98052
145.15, 25.1056, 2.98052
145.175, 25.0985, 2.98052
145.2, 25.0695, 2.98052
145.225, 25.0329, 2.98052
145.25, 24.9899, 2.98052
145.275, 24.9911, 2.98052
145.3, 25.0374, 2.98052
145.325, 25.097, 2.98052
145.35, 25.1677, 2.98052
145.375, 25.2188, 2.9804
145.4, 25.2464, 2.9804
145.425, 25.2456, 2.9804
145.45, 25.2204, 2.9804
145.475, 25.1865, 2.9804
145.5, 25.1452, 2.9804
145.525, 25.1198, 2.9804
145.55, 25.1108, 2.9804
145.575, 25.1083, 2.98052
145.6, 25.1116, 2.98052
145.625, 25.1132, 2.98052
145.65, 25.1111, 2.98052
145.675, 25.0954, 2.98052
145.7, 25.0684, 2.98052
145.725, 25.0377, 2.98052
145.75, 25.0039, 2.98052
145.775, 24.9764, 2.98052
145.8, 24.9554, 2.98052
145.825, 24.9402, 2.98052
145.85, 24.9307, 2.98052
145.875, 24.9214, 2.98065
145.9, 24.9108, 2.98052
145.925, 24.8932, 2.98065
145.95, 24.8699, 2.98065
145.975, 24.8458, 2.98065
146, 24.8211, 2.98065
146.025, 24.7993, 2.98078
146.05, 24.7803, 2.98091
146.075, 24.7618, 2.98116
146.1, 24.7434, 2.98129
146.125, 24.7254, 2.98423
146.15, 24.7079, 2.98845
146.175, 24.7214, 2.99165
146.2, 24.7674, 2.99165
146.225, 24.8202, 2.99177
146.25, 24.878, 2.99177
146.275, 24.9215, 2.99177
146.3, 24.9463, 2.99177
146.325, 24.948, 2.99177
146.35, 24.9305, 2.99177
146.375, 24.9078, 2.99177
146.4, 24.8806, 2.99177
146.425, 24.8949, 2.99177
146.45, 24.9525, 2.99177
146.475, 25.0268, 2.99165
146.5, 25.115, 2.99165
146.525, 25.193, 2.99165
146.55, 25.2544, 2.99152
146.575, 25.2758, 2.99139
146.6, 25.2631, 2.99139
146.625, 25.2361, 2.99126
146.65, 25.1971, 2.99126
146.675, 25.1816, 2.99126
146.7, 25.1918, 2.99126
146.725, 25.2175, 2.99126
146.75, 25.2562, 2.99126
146.775, 25.293, 2.99113
146.8, 25.3238, 2.99101
146.825, 25.3295, 2.99062
146.85, 25.3134, 2.99037
146.875, 25.2886, 2.98998
146.9, 25.2562, 2.9896
146.925, 25.2298, 2.98666
146.95, 25.2106, 2.98602
146.975, 25.1976, 2.98372
147, 25.1897, 2.98091
147.025, 25.1819, 2.97848
147.05, 25.1767, 2.97784
147.075, 25.1705, 2.97222
147.1, 25.1592, 2.97145
147.125, 25.1427, 2.97132
147.15, 25.1221, 2.97132
147.175, 25.1003, 2.97145
147.2, 25.0788, 2.97145
147.225, 25.0589, 2.97132
147.25, 25.0396, 2.97145
147.275, 25.0221, 2.97132
147.3, 25.0064, 2.97132
147.325, 24.9985, 2.97119
147.35, 24.9986, 2.97119
147.375, 25.0028, 2.97068
147.4, 25.011, 2.97004
147.425, 25.0158, 2.96966
147.45, 25.014, 2.96966
147.475, 24.999, 2.96851
147.5, 24.9734, 2.96838
147.525, 24.9445, 2.96838
147.55, 24.9125, 2.96838
147.575, 24.9019, 2.96838
147.6, 24.9152, 2.96838
147.625, 24.9455, 2.96813
147.65, 24.9898, 2.96813
147.675, 25.0377, 2.96749
147.7, 25.0814, 2.96595
147.725, 25.087, 2.95547
147.75, 25.0593, 2.95509
147.775, 25.0198, 2.95509
147.8, 24.9708, 2.95509
147.825, 24.9498, 2.95483
147.85, 24.962, 2.95483
147.875, 25.0087, 2.9547
147.9, 25.0844, 2.95381
147.925, 25.1686, 2.94972
147.95, 25.2594, 2.94524
147.975, 25.3028, 2.92735
148, 25.2942, 2.92645
148.025, 25.2583, 2.92517
148.05, 25.2045, 2.92505
148.075, 25.1519, 2.92492
148.1, 25.1027, 2.92505
148.125, 25.0724, 2.92517
148.15, 25.0564, 2.92517
148.175, 25.0439, 2.9253
148.2, 25.0357, 2.92517
148.225, 25.0161, 2.92543
148.25, 24.9836, 2.92556
148.275, 24.9459, 2.92568
148.3, 24.9039, 2.92568
148.325, 24.8617, 2.92568
148.35, 24.8224, 2.92594
148.375, 24.7993, 2.9262
148.4, 24.7904, 2.9262
148.425, 24.7869, 2.92607
148.45, 24.7883, 2.9262
148.475, 24.7798, 2.9262
148.5, 24.7603, 2.9262
148.525, 24.7332, 2.9262
148.55, 24.6999, 2.92632
148.575, 24.6658, 2.92645
148.6, 24.6316, 2.92645
148.625, 24.6005, 2.92671
148.65, 24.5722, 2.92696
148.675, 24.5438, 2.92722
148.7, 24.5151, 2.92722
148.725, 24.4944, 2.92747
148.75, 24.4827, 2.9276
148.775, 24.4806, 2.92888
148.8, 24.4872, 2.92888
148.825, 24.4949, 2.92939
148.85, 24.5027, 2.92965
148.875, 24.4957, 2.93118
148.9, 24.4742, 2.93233
148.925, 24.4477, 2.93489
148.95, 24.4168, 2.93527
148.975, 24.3994, 2.93629
149, 24.398, 2.93757
149.025, 24.4212, 2.95061
149.05, 24.4643, 2.95087
149.075, 24.5097, 2.95138
149.1, 24.5619, 2.95138
149.125, 24.5933, 2.95138
149.15, 24.5966, 2.95138
149.175, 24.5831, 2.95151
149.2, 24.5573, 2.95151
149.225, 24.5396, 2.95189
149.25, 24.5358, 2.95189
149.275, 24.5647, 2.95215
149.3, 24.6218, 2.95227
149.325, 24.6888, 2.95227
149.35, 24.7633, 2.95227
149.375, 24.8097, 2.95215
149.4, 24.8258, 2.95215
149.425, 24.818, 2.95215
149.45, 24.7893, 2.95215
149.475, 24.7535, 2.95215
149.5, 24.7157, 2.95215
149.525, 24.7011, 2.95215
149.55, 24.7061, 2.95227
149.575, 24.7195, 2.95227
149.6, 24.74, 2.95227
149.625, 24.7493, 2.95227
149.65, 24.7456, 2.95227
149.675, 24.7312, 2.95227
149.7, 24.7075, 2.95227
149.725, 24.6806, 2.95227
149.75, 24.651, 2.95227
149.775, 24.6334, 2.9524
149.8, 24.6284, 2.95253
149.825, 24.6287, 2.95317
149.85, 24.6331, 2.95342
149.875, 24.6388, 2.95394
149.9, 24.6462, 2.95419
149.925, 24.653, 2.9547
149.95, 24.6584, 2.9547
149.975, 24.6634, 2.95547
150, 24.6681, 2.9556
150.025, 24.6706, 2.95547
150.05, 24.6704, 2.95547
150.075, 24.6696, 2.95496
150.1, 24.6689, 2.95445
150.125, 24.6694, 2.94243
150.15, 24.6744, 2.93348
150.175, 24.6878, 2.90446
150.2, 24.703, 2.89258
150.225, 24.7056, 2.86599
150.25, 24.7041, 2.8541
150.275, 24.6888, 2.82956
150.3, 24.651, 2.81895
150.325, 24.599, 2.78622
150.35, 24.5378, 2.77893
150.375, 24.4696, 2.75119
150.4, 24.4016, 2.74583
150.425, 24.384, 2.72397
150.45, 24.4123, 2.71361
150.475, 24.4527, 2.68549
150.5, 24.4994, 2.67744
150.525, 24.5143, 2.64382
150.55, 24.4936, 2.63602
150.575, 24.4356, 2.60853
150.6, 24.348, 2.59792
150.625, 24.2367, 2.58719
150.65, 24.1034, 2.58195
150.675, 24.0118, 2.57018
150.7, 23.9627, 2.5629
150.725, 23.9211, 2.53899
150.75, 23.8888, 2.53171
150.775, 23.8525, 2.50768
150.8, 23.7941, 2.50154
150.825, 23.6947, 2.48965
150.85, 23.5696, 2.48594
150.875, 23.4386, 2.48109
150.9, 23.2994, 2.47955
150.925, 23.1821, 2.47738
150.95, 23.0891, 2.47623
150.975, 23.0145, 2.46204
151, 22.9582, 2.45872
151.025, 22.9053, 2.4444
151.05, 22.8524, 2.44223
151.075, 22.7811, 2.43392
151.1, 22.6861, 2.42868
151.125, 22.59, 2.41858
151.15, 22.5007, 2.41346
151.175, 22.4016, 2.40464
151.2, 22.2972, 2.40311
151.225, 22.2041, 2.39863
151.25, 22.1169, 2.39787
151.275, 22.0278, 2.39493
151.3, 21.9374, 2.39454
151.325, 21.8534, 2.39429
151.35, 21.7764, 2.39403
151.375, 21.7024, 2.39327
151.4, 21.6298, 2.39301
151.425, 21.5542, 2.39135
151.45, 21.4745, 2.39109
151.475, 21.3909, 2.39045
151.5, 21.304, 2.39033
151.525, 21.2182, 2.39033
151.55, 21.1344, 2.39045
151.575, 21.0793, 2.39058
151.6, 21.0532, 2.39058
151.625, 21.0302, 2.39045
151.65, 21.0199, 2.39033
151.675, 21.0226, 2.38994
151.7, 21.0164, 2.38879
151.725, 20.997, 2.38368
151.75, 20.954, 2.38087
151.775, 20.8914, 2.37984
151.8, 20.8184, 2.37959
151.825, 20.738, 2.37946
151.85, 20.7195, 2.37933
151.875, 20.7627, 2.37665
151.9, 20.835, 2.37166
151.925, 20.9316, 2.35798
151.95, 21.031, 2.35057
151.975, 21.1222, 2.33983
152, 21.145, 2.33076
152.025, 21.1077, 2.32475
152.05, 21.0571, 2.32321
152.075, 20.9992, 2.32091
152.1, 20.948, 2.32079
152.125, 20.9064, 2.32066
152.15, 20.8841, 2.32066
152.175, 20.8773, 2.3204
152.2, 20.8743, 2.32015
152.225, 20.8704, 2.31912
152.25, 20.8392, 2.3181
152.275, 20.7846, 2.31145
152.3, 20.721, 2.30928
152.325, 20.6516, 2.30864
152.35, 20.5925, 2.30864
152.375, 20.541, 2.30864
152.4, 20.5048, 2.30864
152.425, 20.4865, 2.30826
152.45, 20.4733, 2.308
152.475, 20.4621, 2.30583
152.5, 20.4389, 2.30519
152.525, 20.4055, 2.30493
152.55, 20.3655, 2.30506
152.575, 20.3174, 2.30519
152.6, 20.2746, 2.30519
152.625, 20.238, 2.30532
152.65, 20.2081, 2.30545
152.675, 20.1843, 2.30545
152.7, 20.1656, 2.30532
152.725, 20.1512, 2.30532
152.75, 20.1314, 2.30532
152.775, 20.1059, 2.30532
152.8, 20.0759, 2.30545
152.825, 20.0414, 2.30545
152.85, 20.0048, 2.30545
152.875, 19.9648, 2.30557
152.9, 19.9187, 2.3057
152.925, 19.8683, 2.30596
152.95, 19.8154, 2.30608
152.975, 19.7598, 2.30634
153, 19.723, 2.30672
153.025, 19.708, 2.30685
153.05, 19.7156, 2.30775
153.075, 19.7432, 2.308
153.1, 19.7762, 2.30813
153.125, 19.8127, 2.308
153.15, 19.8109, 2.308
153.175, 19.7708, 2.30813
153.2, 19.7215, 2.30813
153.225, 19.6646, 2.30826
153.25, 19.6329, 2.30826
153.275, 19.6325, 2.30839
153.3, 19.6748, 2.30864
153.325, 19.7536, 2.30864
153.35, 19.8422, 2.30864
153.375, 19.9382, 2.30851
153.4, 19.992, 2.30839
153.425, 20.0021, 2.30826
153.45, 19.992, 2.30813
153.475, 19.9646, 2.30813
153.5, 19.9375, 2.30813
153.525, 19.9147, 2.30826
153.55, 19.9109, 2.30826
153.575, 19.9228, 2.30826
153.6, 19.9387, 2.30826
153.625, 19.9583, 2.30826
153.65, 19.9611, 2.30826
153.675, 19.9456, 2.30826
153.7, 19.9205, 2.30826
153.725, 19.8873, 2.30826
153.75, 19.853, 2.30826
153.775, 19.8183, 2.30839
153.8, 19.7861, 2.30839
153.825, 19.7568, 2.30839
153.85, 19.7297, 2.30839
153.875, 19.7043, 2.30851
153.9, 19.6817, 2.30864
153.925, 19.6616, 2.30864
153.95, 19.6439, 2.3089
153.975, 19.6286, 2.30928
154, 19.6145, 2.30954
154.025, 19.6016, 2.31043
154.05, 19.5869, 2.31222
154.075, 19.5705, 2.31478
154.1, 19.5534, 2.31772
154.125, 19.5342, 2.31861
154.15, 19.5169, 2.31912
154.175, 19.5039, 2.32232
154.2, 19.4969, 2.3273
154.225, 19.4948, 2.32961
154.25, 19.5007, 2.33037
154.275, 19.5134, 2.33255
154.3, 19.5015, 2.33395
154.325, 19.4665, 2.3351
154.35, 19.4291, 2.33689
154.375, 19.3894, 2.33868
154.4, 19.368, 2.34252
154.425, 19.372, 2.34571
154.45, 19.4309, 2.34891
154.475, 19.537, 2.34968
154.5, 19.6561, 2.34968
154.525, 19.7856, 2.34968
154.55, 19.8668, 2.34968
154.575, 19.8972, 2.34968
154.6, 19.8978, 2.34968
154.625, 19.8726, 2.34968
154.65, 19.8432, 2.34968
154.675, 19.8172, 2.34968
154.7, 19.8271, 2.34968
154.725, 19.8679, 2.34968
154.75, 19.9197, 2.34968
154.775, 19.9805, 2.34968
154.8, 20.0234, 2.34955
154.825, 20.0454, 2.34955
154.85, 20.0442, 2.34955
154.875, 20.0228, 2.34942
154.9, 19.9951, 2.34942
154.925, 19.9619, 2.34955
154.95, 19.9457, 2.34955
154.975, 19.9474, 2.34942
155, 19.9543, 2.34942
155.025, 19.9656, 2.34942
155.05, 19.968, 2.34942
155.075, 19.9593, 2.34942
155.1, 19.9354, 2.34955
155.125, 19.8988, 2.34955
155.15, 19.8594, 2.34955
155.175, 19.8175, 2.34955
155.2, 19.7837, 2.34968
155.225, 19.7589, 2.34968
155.25, 19.7365, 2.34968
155.275, 19.7154, 2.34968
155.3, 19.7013, 2.3498
155.325, 19.6941, 2.3498
155.35, 19.6927, 2.34993
155.375, 19.6975, 2.34993
155.4, 19.7037, 2.35006
155.425, 19.7101, 2.35044
155.45, 19.714, 2.35044
155.475, 19.7152, 2.35287
155.5, 19.7126, 2.35377
155.525, 19.7056, 2.35556
155.55, 19.7017, 2.36054
155.575, 19.706, 2.36425
155.6, 19.7323, 2.36923
155.625, 19.7734, 2.37
155.65, 19.8225, 2.37013
155.675, 19.8809, 2.37013
155.7, 19.916, 2.37013
155.725, 19.9252, 2.37013
155.75, 19.9076, 2.37026
155.775, 19.8665, 2.37026
155.8, 19.8191, 2.37026
155.825, 19.7672, 2.37038
155.85, 19.7774, 2.37038
155.875, 19.8504, 2.37051
155.9, 19.9401, 2.37051
155.925, 20.0436, 2.37038
155.95, 20.1278, 2.37038
155.975, 20.1859, 2.37038
156, 20.2042, 2.37038
156.025, 20.1889, 2.37026
156.05, 20.1565, 2.37026
156.075, 20.1086, 2.37026
156.1, 20.0918, 2.37026
156.125, 20.1091, 2.37013
156.15, 20.1452, 2.37013
156.175, 20.1971, 2.37013
156.2, 20.2453, 2.37
156.225, 20.2853, 2.36962
156.25, 20.2997, 2.36923
156.275, 20.2919, 2.36706
156.3, 20.2752, 2.36706
156.325, 20.2511, 2.36706
156.35, 20.2266, 2.36706
156.375, 20.2017, 2.36719
156.4, 20.1796, 2.36706
156.425, 20.1621, 2.36719
156.45, 20.1461, 2.36719
156.475, 20.1295, 2.36719
156.5, 20.1078, 2.36719
156.525, 20.0821, 2.36732
156.55, 20.0554, 2.36732
156.575, 20.0283, 2.36732
156.6, 20.0064, 2.36732
156.625, 19.9903, 2.36744
156.65, 19.9785, 2.36732
156.675, 19.9706, 2.36744
156.7, 19.9659, 2.36744
156.725, 19.9644, 2.36744
156.75, 19.973, 2.36757
156.775, 19.9913, 2.36757
156.8, 20.0123, 2.36744
156.825, 20.0353, 2.36744
156.85, 20.0487, 2.36744
156.875, 20.0498, 2.36732
156.9, 20.0315, 2.36732
156.925, 19.9965, 2.36744
156.95, 19.956, 2.36744
156.975, 19.911, 2.36744
157, 19.9061, 2.36744
157.025, 19.9434, 2.36744
157.05, 20.003, 2.36744
157.075, 20.0806, 2.36719
157.1, 20.1462, 2.36719
157.125, 20.1935, 2.36693
157.15, 20.2006, 2.36629
157.175, 20.1738, 2.36617
157.2, 20.1343, 2.36617
157.225, 20.0838, 2.36604
157.25, 20.0746, 2.36604
157.275, 20.1107, 2.36604
157.3, 20.1768, 2.36578
157.325, 20.2682, 2.36169
157.35, 20.3653, 2.3553
157.375, 20.457, 2.3452
157.4, 20.4957, 2.33945
157.425, 20.4889, 2.33625
157.45, 20.4533, 2.33408
157.475, 20.3951, 2.33331
157.5, 20.3465, 2.33331
157.525, 20.3053, 2.33306
157.55, 20.2743, 2.33306
157.575, 20.256, 2.33306
157.6, 20.2408, 2.33306
157.625, 20.2276, 2.33306
157.65, 20.2009, 2.33306
157.675, 20.1599, 2.33318
157.7, 20.1148, 2.33318
157.725, 20.0665, 2.33331
157.75, 20.0218, 2.33344
157.775, 19.9819, 2.33357
157.8, 19.9514, 2.33357
157.825, 19.9289, 2.33357
157.85, 19.9101, 2.3337
157.875, 19.8945, 2.33382
157.9, 19.8704, 2.33382
157.925, 19.8374, 2.33395
157.95, 19.8005, 2.33408
157.975, 19.7602, 2.33421
158, 19.7202, 2.33434
158.025, 19.6802, 2.33459
158.05, 19.6417, 2.33497
158.075, 19.6048, 2.33651
158.1, 19.5701, 2.33766
158.125, 19.5382, 2.33855
158.15, 19.5297, 2.34034
158.175, 19.5456, 2.34239
158.2, 19.5775, 2.34405
158.225, 19.623, 2.34443
158.25, 19.6711, 2.34456
158.275, 19.7165, 2.34456
158.3, 19.7313, 2.34456
158.325, 19.7205, 2.34456
158.35, 19.7004, 2.34469
158.375, 19.6724, 2.34495
158.4, 19.6784, 2.34507
158.425, 19.7236, 2.34507
158.45, 19.8051, 2.34507
158.475, 19.9175, 2.34495
158.5, 20.0367, 2.34482
158.525, 20.1603, 2.34482
158.55, 20.2293, 2.34443
158.575, 20.242, 2.34405
158.6, 20.229, 2.34354
158.625, 20.1939, 2.34341
158.65, 20.1676, 2.34341
158.675, 20.1565, 2.34341
158.7, 20.1811, 2.34341
158.725, 20.2359, 2.34277
158.75, 20.2983, 2.34188
158.775, 20.3667, 2.336
158.8, 20.4015, 2.33165
158.825, 20.4004, 2.32679
158.85, 20.3838, 2.32539
158.875, 20.3497, 2.3213
158.9, 20.3036, 2.32027
158.925, 20.2527, 2.32015
158.95, 20.2065, 2.32015
158.975, 20.1647, 2.32015
159, 20.1262, 2.32027
159.025, 20.0903, 2.3204
159.05, 20.0564, 2.3204
159.075, 20.0243, 2.3204
159.1, 19.9944, 2.32053
159.125, 19.9661, 2.32066
159.15, 19.9392, 2.32079
159.175, 19.9139, 2.32104
159.2, 19.8942, 2.32117
159.225, 19.8803, 2.32117
159.25, 19.8693, 2.32117
159.275, 19.8608, 2.3213
159.3, 19.851, 2.3213
159.325, 19.8395, 2.32155
159.35, 19.8264, 2.32168
159.375, 19.8119, 2.32206
159.4, 19.797, 2.32219
159.425, 19.782, 2.3227
159.45, 19.7541, 2.32347
159.475, 19.7124, 2.325
159.5, 19.6662, 2.32564
159.525, 19.6164, 2.32615
159.55, 19.5934, 2.32743
159.575, 19.6044, 2.32935
159.6, 19.6674, 2.33024
159.625, 19.7736, 2.33037
159.65, 19.8922, 2.3305
159.675, 20.0219, 2.33037
159.7, 20.0996, 2.33037
159.725, 20.1211, 2.33037
159.75, 20.1093, 2.33037
159.775, 20.0691, 2.33037
159.8, 20.0233, 2.33037
159.825, 19.9807, 2.33037
159.85, 19.9836, 2.33037
159.875, 20.0261, 2.33037
159.9, 20.0816, 2.33037
159.925, 20.1477, 2.33037
159.95, 20.1846, 2.33037
159.975, 20.1893, 2.33024
160, 20.1686, 2.33024
160.025, 20.126, 2.32909
160.05, 20.0752, 2.32398
160.075, 20.0176, 2.31299
160.1, 19.9824, 2.29867
160.125, 19.9708, 2.2832
160.15, 19.9605, 2.26863
160.175, 19.951, 2.24741
160.2, 19.9419, 2.23233
160.225, 19.9291, 2.21302
160.25, 19.904, 2.20101
160.275, 19.8702, 2.1771
160.3, 19.8309, 2.16342
160.325, 19.7887, 2.15154
160.35, 19.7424, 2.14041
160.375, 19.6962, 2.12341
160.4, 19.6432, 2.11677
160.425, 19.5725, 2.10398
160.45, 19.5144, 2.09618
160.475, 19.4759, 2.07957
160.5, 19.4302, 2.07254
160.525, 19.3783, 2.05541
160.55, 19.3205, 2.04531
160.575, 19.2505, 2.03214
160.6, 19.1771, 2.02831
160.625, 19.105, 2.01642
160.65, 19.0323, 2.00479
160.675, 18.9566, 1.9966
160.7, 18.8704, 1.98957
160.725, 18.7787, 1.98318
160.75, 18.7188, 1.97615
160.775, 18.6864, 1.95365
160.8, 18.6624, 1.94956
160.825, 18.6506, 1.93384
160.85, 18.6081, 1.92847
160.875, 18.5263, 1.9208
160.9, 18.4184, 1.9162
160.925, 18.2921, 1.91134
160.95, 18.1696, 1.90802
160.975, 18.0486, 1.90559
161, 17.9824, 1.90418
161.025, 17.9752, 1.8891
161.05, 18.0022, 1.88143
161.075, 18.0533, 1.86212
161.1, 18.07, 1.85369
161.125, 18.0515, 1.83937
161.15, 17.9948, 1.8349
161.175, 17.9034, 1.82876
161.2, 17.7934, 1.82429
161.225, 17.6689, 1.81815
161.25, 17.5799, 1.817
161.275, 17.5277, 1.81125
161.3, 17.4947, 1.80716
161.325, 17.4771, 1.79425
161.35, 17.4546, 1.78632
161.375, 17.4241, 1.78095
161.4, 17.3617, 1.77891
161.425, 17.2731, 1.77609
161.45, 17.1807, 1.77418
161.475, 17.0832, 1.76727
161.5, 16.9901, 1.76497
161.525, 16.9037, 1.76216
161.55, 16.8206, 1.75871
161.575, 16.7403, 1.75833
161.6, 16.6623, 1.75769
161.625, 16.5873, 1.75756
161.65, 16.5279, 1.75705
161.675, 16.4817, 1.75475
161.7, 16.4421, 1.75423
161.725, 16.4076, 1.74989
161.75, 16.3689, 1.74874
161.775, 16.3241, 1.74631
161.8, 16.2702, 1.74554
161.825, 16.2119, 1.73723
161.85, 16.1572, 1.73672
161.875, 16.1034, 1.73417
161.9, 16.0701, 1.73263
161.925, 16.0596, 1.72944
161.95, 16.0526, 1.72598
161.975, 16.0512, 1.71883
162, 16.039, 1.71256
162.025, 16.008, 1.70988
162.05, 15.952, 1.70681
162.075, 15.8763, 1.70668
162.1, 15.7985, 1.70668
162.125, 15.7185, 1.70655
162.15, 15.7054, 1.70655
162.175, 15.7608, 1.7063
162.2, 15.8441, 1.70604
162.225, 15.951, 1.69697
162.25, 16.0488, 1.68738
162.275, 16.1257, 1.67843
162.3, 16.13, 1.67204
162.325, 16.0766, 1.66654
162.35, 16.0056, 1.66437
162.375, 15.9167, 1.66386
162.4, 15.8515, 1.66373
162.425, 15.8117, 1.6636
162.45, 15.7989, 1.66335
162.475, 15.8102, 1.66143
162.5, 15.8258, 1.65785
162.525, 15.8404, 1.64801
162.55, 15.827, 1.64737
162.575, 15.7888, 1.64225
162.6, 15.7399, 1.642
162.625, 15.6772, 1.64059
162.65, 15.6134, 1.6397
162.675, 15.5557, 1.6397
162.7, 15.5015, 1.63983
162.725, 15.4488, 1.63983
162.75, 15.3995, 1.63995
162.775, 15.3542, 1.64021
162.8, 15.3091, 1.64021
162.825, 15.264, 1.64072
162.85, 15.2204, 1.64072
162.875, 15.1787, 1.64072
162.9, 15.1395, 1.64098
162.925, 15.1024, 1.64123
162.95, 15.0684, 1.64174
162.975, 15.0373, 1.64264
163, 15.0079, 1.64417
163.025, 14.9802, 1.64519
163.05, 14.9575, 1.64545
163.075, 14.9393, 1.64647
163.1, 14.9235, 1.6475
163.125, 14.9102, 1.65248
163.15, 14.8899, 1.65606
163.175, 14.8597, 1.65721
163.2, 14.8131, 1.65811
163.225, 14.7552, 1.66105
163.25, 14.6912, 1.66271
163.275, 14.6214, 1.66347
163.3, 14.597, 1.6645
163.325, 14.6196, 1.67664
163.35, 14.6662, 1.67766
163.375, 14.7303, 1.67779
163.4, 14.8054, 1.67792
163.425, 14.8861, 1.67792
163.45, 14.9133, 1.67792
163.475, 14.891, 1.67792
163.5, 14.8495, 1.67792
163.525, 14.7934, 1.67805
163.55, 14.7723, 1.67817
163.575, 14.7924, 1.6783
163.6, 14.8593, 1.6783
163.625, 14.9665, 1.6783
163.65, 15.0832, 1.67817
163.675, 15.2072, 1.67805
163.7, 15.2659, 1.67792
163.725, 15.2575, 1.67792
163.75, 15.2235, 1.67792
163.775, 15.1677, 1.67792
163.8, 15.1171, 1.67792
163.825, 15.0765, 1.67805
163.85, 15.0628, 1.67805
163.875, 15.0722, 1.67805
163.9, 15.0882, 1.67805
163.925, 15.1095, 1.67805
163.95, 15.11, 1.67792
163.975, 15.0888, 1.67792
164, 15.0571, 1.67805
164.025, 15.0168, 1.67805
164.05, 14.975, 1.67805
164.075, 14.9328, 1.67805
164.1, 14.8968, 1.67805
164.125, 14.8665, 1.67817
164.15, 14.8388, 1.6783
164.175, 14.8138, 1.6783
164.2, 14.7899, 1.6783
164.225, 14.7668, 1.67869
164.25, 14.7447, 1.67933
164.275, 14.724, 1.67984
164.3, 14.7045, 1.68112
164.325, 14.6858, 1.68393
164.35, 14.6662, 1.68546
164.375, 14.6467, 1.68751
164.4, 14.6307, 1.6916
164.425, 14.6173, 1.70029
164.45, 14.6079, 1.70349
164.475, 14.6053, 1.70387
164.5, 14.6177, 1.704
164.525, 14.641, 1.70412
164.55, 14.6617, 1.70412
164.575, 14.6819, 1.70425
164.6, 14.6801, 1.70425
164.625, 14.6549, 1.70438
164.65, 14.6218, 1.70438
164.675, 14.5824, 1.70464
164.7, 14.565, 1.70489
164.725, 14.5757, 1.70566
164.75, 14.6359, 1.7063
164.775, 14.7388, 1.70681
164.8, 14.8515, 1.70681
164.825, 14.9717, 1.70668
164.85, 15.036, 1.70668
164.875, 15.0418, 1.70655
164.9, 15.0188, 1.70655
164.925, 14.9713, 1.70655
164.95, 14.9266, 1.70668
164.975, 14.8924, 1.70668
165, 14.9003, 1.70668
165.025, 14.9447, 1.70668
165.05, 15.0015, 1.70668
165.075, 15.0683, 1.70668
165.1, 15.1052, 1.70668
165.125, 15.1096, 1.70655
165.15, 15.0916, 1.70655
165.175, 15.0546, 1.70655
165.2, 15.0115, 1.70655
165.225, 14.9653, 1.70668
165.25, 14.9317, 1.70668
165.275, 14.9086, 1.70668
165.3, 14.8911, 1.70668
165.325, 14.8784, 1.70668
165.35, 14.8641, 1.70668
165.375, 14.8476, 1.70668
165.4, 14.8287, 1.70668
165.425, 14.8082, 1.70681
165.45, 14.7876, 1.70681
165.475, 14.7667, 1.70681
165.5, 14.7418, 1.70681
165.525, 14.7127, 1.70694
165.55, 14.6828, 1.70719
165.575, 14.6524, 1.70911
165.6, 14.6267, 1.71192
165.625, 14.6066, 1.71563
165.65, 14.5967, 1.721
165.675, 14.5945, 1.72496
165.7, 14.595, 1.72573
165.725, 14.6008, 1.72905
165.75, 14.6045, 1.72969
165.775, 14.6047, 1.73084
165.8, 14.604, 1.73276
165.825, 14.6016, 1.73672
165.85, 14.601, 1.73698
165.875, 14.6047, 1.7389
165.9, 14.6254, 1.7412
165.925, 14.6612, 1.7426
165.95, 14.7024, 1.74286
165.975, 14.7486, 1.74324
166, 14.7714, 1.74324
166.025, 14.7681, 1.74337
166.05, 14.7482, 1.7435
166.075, 14.7142, 1.74388
166.1, 14.6749, 1.74439
166.125, 14.6432, 1.74593
166.15, 14.6858, 1.75104
166.175, 14.7926, 1.7527
166.2, 14.9251, 1.7527
166.225, 15.0793, 1.7527
166.25, 15.1927, 1.75257
166.275, 15.2582, 1.75245
166.3, 15.2746, 1.75245
166.325, 15.2485, 1.75219
166.35, 15.2079, 1.75219
166.375, 15.1555, 1.75232
166.4, 15.126, 1.75232
166.425, 15.1208, 1.75232
166.45, 15.1291, 1.75232
166.475, 15.1486, 1.75232
166.5, 15.1668, 1.75219
166.525, 15.1811, 1.75219
166.55, 15.1832, 1.75219
166.575, 15.175, 1.75219
166.6, 15.1628, 1.75219
166.625, 15.1473, 1.75206
166.65, 15.1396, 1.75193
166.675, 15.1406, 1.75181
166.7, 15.1477, 1.75155
166.725, 15.16, 1.75117
166.75, 15.1709, 1.75078
166.775, 15.1777, 1.74912
166.8, 15.1686, 1.74784
166.825, 15.1462, 1.74656
166.85, 15.1186, 1.74593
166.875, 15.0852, 1.74567
166.9, 15.0555, 1.7458
166.925, 15.0311, 1.7458
166.95, 15.0095, 1.7458
166.975, 14.9903, 1.74554
167, 14.973, 1.74567
167.025, 14.9572, 1.74554
167.05, 14.9495, 1.74567
167.075, 14.9503, 1.74554
167.1, 14.9559, 1.74554
167.125, 14.9654, 1.74541
167.15, 14.9678, 1.74478
167.175, 14.962, 1.74439
167.2, 14.9461, 1.7435
167.225, 14.9214, 1.74337
167.25, 14.8957, 1.74337
167.275, 14.8698, 1.74324
167.3, 14.885, 1.74337
167.325, 14.9425, 1.74311
167.35, 15.0207, 1.74286
167.375, 15.1158, 1.73787
167.4, 15.1931, 1.73391
167.425, 15.2473, 1.72509
167.45, 15.2606, 1.71921
167.475, 15.2394, 1.71729
167.5, 15.2021, 1.7164
167.525, 15.1493, 1.71576
167.55, 15.132, 1.7155
167.575, 15.1534, 1.7141
167.6, 15.1976, 1.71307
167.625, 15.2597, 1.70336
167.65, 15.3209, 1.7017
167.675, 15.3806, 1.69518
167.7, 15.4325, 1.693
167.725, 15.4436, 1.68469
167.75, 15.4174, 1.68124
167.775, 15.3802, 1.68073
167.8, 15.3311, 1.68086
167.825, 15.2857, 1.68086
167.85, 15.251, 1.68099
167.875, 15.2298, 1.68086
167.9, 15.2173, 1.68073
167.925, 15.2058, 1.68048
167.95, 15.1962, 1.68048
167.975, 15.181, 1.68073
168, 15.16, 1.68073
168.025, 15.1383, 1.68086
168.05, 15.1157, 1.68086
168.075, 15.0915, 1.68099
168.1, 15.0658, 1.68124
168.125, 15.0392, 1.6815
168.15, 15.0119, 1.68201
168.175, 14.9857, 1.68239
168.2, 14.9606, 1.68265
168.225, 14.9384, 1.68406
168.25, 14.9187, 1.68533
168.275, 14.9, 1.68827
168.3, 14.8819, 1.68879
168.325, 14.8618, 1.68904
168.35, 14.8383, 1.68968
168.375, 14.803, 1.69582
168.4, 14.759, 1.69812
168.425, 14.7139, 1.69863
168.45, 14.6647, 1.69927
168.475, 14.6542, 1.7008
168.5, 14.6896, 1.70157
168.525, 14.7572, 1.70182
168.55, 14.85, 1.70182
168.575, 14.9391, 1.70182
168.6, 15.0154, 1.70182
168.625, 15.0393, 1.70182
168.65, 15.0186, 1.70182
168.675, 14.9809, 1.70182
168.7, 14.9289, 1.70182
168.725, 14.9146, 1.70182
168.75, 14.9429, 1.70195
168.775, 15.0071, 1.70195
168.8, 15.1016, 1.70195
168.825, 15.203, 1.70182
168.85, 15.3095, 1.70182
168.875, 15.3536, 1.70144
168.9, 15.3347, 1.70131
168.925, 15.2952, 1.70106
168.95, 15.2381, 1.70093
168.975, 15.1862, 1.70067
169, 15.1435, 1.7008
169.025, 15.1246, 1.7008
169.05, 15.1263, 1.70093
169.075, 15.1343, 1.7008
169.1, 15.1475, 1.7008
169.125, 15.1442, 1.7008
169.15, 15.1237, 1.7008
169.175, 15.0953, 1.7008
169.2, 15.0599, 1.70093
169.225, 15.027, 1.70093
169.25, 14.9986, 1.70106
169.275, 14.9828, 1.70106
169.3, 14.9778, 1.70093
169.325, 14.9764, 1.70093
169.35, 14.9778, 1.70093
169.375, 14.9752, 1.7008
169.4, 14.9682, 1.7008
169.425, 14.9585, 1.7008
169.45, 14.9471, 1.7008
169.475, 14.9338, 1.7008
169.5, 14.9171, 1.70093
169.525, 14.8896, 1.70093
169.55, 14.8536, 1.70106
169.575, 14.8156, 1.70106
169.6, 14.7763, 1.70106
169.625, 14.7579, 1.70106
169.65, 14.7624, 1.70118
169.675, 14.786, 1.70131
169.7, 14.8257, 1.70131
169.725, 14.8705, 1.70131
169.75, 14.9195, 1.70131
169.775, 14.931, 1.70131
169.8, 14.9044, 1.70131
169.825, 14.8654, 1.70144
169.85, 14.8161, 1.70144
169.875, 14.7882, 1.70157
169.9, 14.7893, 1.70157
169.925, 14.8452, 1.70157
169.95, 14.9479, 1.70157
169.975, 15.0592, 1.70144
